4485
10406
1994
4072
2830
6847
2050
6216
8381
5381
7361
10022
500
1688
10981
9682
11717
10269
3007
2777
8092
3508
4584
4847
1230
11660
5453
10141
1027
6443
7659
4256
3161
7696
8556
4246
8872
9866
363
3833
10131
7924
629
7591
6889
5033
9238
4932
8656
906
8326
7027
3370
5591
4672
1141
8857
3869
5653
6753
3744
10741
9330
4677
7532
997
7452
9763
11114
11470
2112
5057
6375
2906
2668
7908
7372
3818
11782
10645
11672
2090
8203
4038
3960
2368
10222
6603
3356
8481
4577
1989
5594
7598
11222
10326
6970
8276
877
1562
10874
9798
3356
9263
2075
10578
392
9324
1491
8797
7819
11652
8823
3649
10032
3737
5649
650
6761
4929
4411
8025
10239
1820
10176
3119
2924
52
1443
9157
6935
2188
2569
10068
2094
10760
1655
2039
4714
422
953
8717
1101
4666
3584
2116
3687
8339
2703
3148
9725
1877
8381
11316
7109
610
8794
4242
5801
11173
9625
2704
10375
1870
7239
1671
3547
6710
8904
4205
5075
10327
4238
3599
4908
11217
6610
557
3723
7575
4214
10902
7035
1188
9401
5487
1182
5237
5077
8467
11396
10240
798
37
7592
5156
10565
10544
527
10146
8823
3978
5076
11948
5858
9416
5323
9463
9698
8703
5651
1112
3488
6196
8579
5188
8593
700
9022
11488
11271
2927
894
2998
11391
8599
4328
94
11187
6195
6889
11251
7295
706
2612
6744
2525
4180
11735
4083
2315
3505
11221
10406
1072
10212
3894
9370
8222
5549
1016
862
3832
9882
3643
3405
8110
6325
8797
1374
10234
11066
6761
8679
11754
6094
2405
5475
6449
7096
5040
8693
6338
5065
4479
571
6232
1179
2751
4713
1733
8324
3207
11072
6693
8135
1653
8888
2065
1352
3639
1191
11607
11621
4871
11727
4034
7445
6209
2710
8231
5931
607
3261
7216
11330
5299
6979
301
6789
7947
803
5208
8271
11449
8819
4652
6052
2340
2662
7618
7502
2243
6781
9364
1874
8883
2426
3160
11065
4357
7560
6201
8989
3284
9488
11368
7920
4516
4578
3435
5565
2514
7275
4222
6108
8361
7806
10548
7443
10193
11711
2323
10719
1304
1204
6331
5119
5528
2613
7375
6646
2170
8865
5812
11655
8703
11992
9170
501
1943
8060
159
9575
6803
5706
7775
7836
5806
8789
2096
5511
1496
11110
4082
5169
2218
11983
11340
806
5701
5611
1396
3346
8868
7208
4300
7058
6041
10866
11937
5111
7172
6515
6445
3381
7380
4075
8446
1934
8038
8388
2627
972
1289
6839
6783
4053
2129
4153
9810
1148
7807
10075
1040
3781
11928
3969
8936
10154
8020
6182
2981
8782
8429
10337
535
805
11567
11776
7968
3482
4595
6416
11009
3054
6661
8000
1400
3611
4402
6824
1904
1107
4670
4570
7778
4539
6434
11
6654
5902
8239
8666
5702
365
11507
6038
9402
7346
625
4734
11157
9556
4595
1495
5590
6668
5924
10222
3818
7254
5092
2035
6259
10355
6105
4189
8410
9434
9160
8605
2573
9699
7400
6325
5769
6241
10053
10608
6712
5106
11396
1669
3364
1081
8996
10599
10514
10344
845
6129
2926
5001
1672
9001
5638
4481
1986
5430
452
6454
6925
7388
2836
10256
35
7376
5865
2807
4043
9772
6676
11396
9294
4800
761
2082
5193
7702
5218
8927
3338
633
5800
3171
4582
4772
755
11127
1693
5118
7580
1217
3345
4795
4215
4260
5429
11582
156
3274
9623
7097
11754
4525
9054
1595
1563
10316
4779
2837
2189
7978
7673
8119
6678
4428
8906
2864
11666
3135
11221
1827
10660
708
6211
10947
1455
1016
11040
10601
4395
9945
4882
6411
5174
3049
4480
4603
1604
2248
1267
7787
3204
10111
5631
8568
4325
2788
9824
7854
5910
11318
6907
11217
11431
11875
2423
871
8443
270
1046
4279
808
5971
6778
7648
1325
6565
11114
6208
11800
3547
4866
7348
3820
10328
8939
9107
3186
4520
5013
3682
10711
4013
9180
345
6126
5325
4153
7381
6045
1444
7535
5003
14
7422
4220
7305
4712
2410
6859
3237
899
10134
4994
10652
8353
1412
8759
3787
2218
2577
7645
10644
8611
10263
11741
10257
11983
10369
3509
156
1905
858
3262
825
7862
244
419
4565
6323
10400
3161
11314
10955
6522
4178
764
10516
8079
10233
9848
5640
237
3977
9499
10815
9777
1594
5535
6508
794
4762
4596
6307
4136
11179
4065
9058
3884
3168
5673
7853
11346
4270
3650
6074
11898
5119
9514
7136
5540
4072
8566
6527
8731
9075
8377
3634
157
8864
10250
5052
929
3915
4065
711
8254
5418
5030
1821
9914
1556
3628
1451
11020
8113
9705
2588
5362
8433
10131
1528
7299
6151
7052
2917
6551
9242
6461
4857
5274
397
5465
3136
4326
10537
3543
8710
7931
6457
4858
6285
4265
9920
3421
6276
6258
1834
8393
4526
1035
2370
2877
2538
10531
3082
3941
8642
8991
10349
7986
10865
9601
5747
4431
6257
494
2105
3735
10000
4145
7263
4310
5330
4240
2919
4234
6209
1799
10246
1636
3069
7266
6290
7432
7596
9045
6033
8959
11962
6178
1104
11377
1448
288
11410
155
11284
4850
9570
5289
4791
8053
1149
8858
11630
7590
3980
11659
8621
9032
2708
1058
10028
167
2334
6146
8258
1490
2053
9438
5876
1468
4570
694
549
852
8379
6668
2608
5402
8356
9591
8037
5375
2264
5954
5017
2246
625
1936
5703
5119
6804
1597
10598
4325
4148
7231
10824
779
3759
11200
5049
201
867
458
573
5061
9850
11483
5082
3028
6943
10141
4934
199
3314
3069
7356
8847
6103
2332
3911
3919
1381
9445
1654
11357
403
3762
3203
11228
2182
4487
1709
4
943
8549
3338
6206
5515
11866
3458
3775
11477
7327
4251
3004
39
5445
3029
10960
2970
2823
3982
1869
2977
3964
2989
9873
763
373
11679
6918
1728
2142
1343
6984
7761
8001
127
8457
8144
5372
4032
6619
2300
4603
4907
3512
10808
3078
10338
2801
11100
5100
7401
10958
7849
8289
2307
11422
1128
9886
9338
10474
4193
3560
5129
8991
1495
891
4137
3713
10629
6303
6564
4681
11708
7597
1806
10597
11197
4016
9817
3726
3034
5235
5917
8309
9504
9185
8699
766
11097
11042
2629
7191
4299
8987
3687
1605
4153
4645
10739
8190
20
5828
8269
5892
4660
1089
7278
2185
2040
1348
868
1031
3779
19
3876
3209
6660
5366
6703
26
3510
4646
648
5448
11930
4068
9342
4369
10785
11835
958
3087
1332
4635
684
10639
1206
7283
1640
1514
237
11215
10612
4227
9706
373
10883
8746
9056
3899
2601
11979
3878
9632
8670
1657
6827
9577
7928
548
117
2061
11829
7697
1849
11830
1424
10991
11044
3346
10905
8322
7022
6397
10815
1512
117
11250
9390
2414
5455
1760
2366
8050
5883
10706
3932
1140
4000
1138
7002
9047
7321
6969
6428
6483
8982
10468
1876
3363
8594
9896
7028
2033
11931
10571
8681
5137
10059
2377
4165
5926
4325
11483
663
5111
9814
5456
1317
1422
9930
11325
59
780
3707
9925
3500
11418
11209
9356
5543
11474
1171
4169
10111
4602
3884
5555
11844
1068
9189
3619
2913
9286
6363
8430
1034
11906
4270
3041
4584
3935
11142
7155
1744
8606
4457
4015
1816
11465
7624
2174
9857
9801
6373
1312
1154
9219
8088
3454
2041
4499
19
575
11710
1358
4513
10398
549
3571
10788
8681
192
5768
1110
1490
10369
2670
3754
11060
9536
11439
9043
10054
292
2733
8206
3413
9232
2552
156
5914
4636
4832
8336
11977
11009
3521
5476
5419
2112
859
9617
11269
3272
5719
2809
6191
9649
8005
280
9765
8774
6018
6774
6062
6535
3525
1720
10060
10625
400
1354
8279
2356
9444
7801
3329
11405
1586
6010
11206
5347
4504
11012
11141
11367
9456
4672
3166
5053
253
1200
2065
11756
5712
4001
3612
825
6589
5806
4651
5914
11686
1648
4498
7696
2344
1456
10582
3138
5036
11195
6073
3258
1111
613
4371
4664
10856
10768
9193
6890
1995
9202
8379
6304
9280
11312
7016
8725
8534
9902
2934
793
3162
3168
10119
715
7261
2103
11811
4419
4519
1125
7748
1238
8435
700
10754
7889
686
10047
8262
1423
2380
4961
4814
9841
7638
11652
8079
3459
11950
3926
6003
8834
2115
898
6968
7861
9842
10057
8923
2087
3031
10875
6011
5139
11466
7641
3255
1745
176
6154
11586
5670
8888
910
5277
3559
5500
4488
10721
9153
10175
8471
11283
9511
9877
1183
4031
11586
11831
1311
4203
4489
10284
5701
8624
5576
4968
2163
6804
10367
5459
1593
3485
5754
9924
11370
11431
4041
6759
10933
11289
357
9168
7514
2801
9351
6761
758
269
1702
2236
8363
5469
2226
4879
115
8165
3297
4472
7355
6069
199
2074
128
9993
815
10961
9971
7311
3756
6999
4883
4067
2695
1
4927
862
8928
754
770
8557
827
7523
5339
7949
190
8616
10313
726
7492
7720
7006
7765
77
468
9395
8158
7431
3394
5336
5321
11593
11869
11963
9540
9569
11524
4671
9122
7341
8789
6736
4868
3563
1635
10720
9008
6870
128
6933
10936
3858
799
11217
875
3075
8137
10233
4661
176
5527
7351
4888
8149
4715
1765
2203
447
7757
8911
10472
1474
3434
6318
11984
11883
5856
9184
9475
1055
7012
4006
2955
2920
11436
2811
5058
9085
8647
1761
3839
2568
3801
10029
3204
6715
765
11429
5136
10999
10879
9697
2214
150
9576
2918
11748
4016
7562
7766
7580
8302
11863
3523
8871
216
2970
2789
11322
226
1540
1865
10889
6162
4281
501
8270
57
3995
3222
9997
6196
3292
11274
9459
1309
6979
11554
9491
2374
6693
7126
1386
3019
11407
1374
6106
9674
11742
3871
5226
7581
10293
11206
11316
501
9088
11440
6616
1615
11716
9220
946
5743
5861
778
7212
5249
11795
11027
9586
2962
4648
4779
11348
80
9528
667
2351
5329
11496
2617
3783
11922
9974
6751
9563
8385
8484
2645
10982
10608
9375
1526
10847
7544
8661
4623
10583
68
6991
5910
8356
3124
1605
2392
4780
9475
9508
4534
2933
5408
10613
4809
1927
8475
142
1183
5054
11762
10871
2072
6886
9434
8850
2288
9595
1120
8699
801
10851
121
4446
1051
9637
908
500
7608
10581
4707
10759
9968
744
1936
607
8701
3275
4514
5915
537
5535
1536
897
10382
352
7113
5654
10320
11094
4268
1102
164
4824
5840
7493
1195
6869
3103
8837
5361
4554
10490
1940
6557
11689
934
11781
366
9169
971
8266
7948
1834
2691
11709
445
6164
3476
9279
2337
9545
1883
341
5513
4185
7398
6294
7122
9731
11249
6927
11960
6883
4404
5154
6605
6323
11205
10988
10905
235
9942
7910
3976
4628
3097
7439
10748
3863
5757
10101
9864
1655
4739
3608
11889
8242
11385
4274
2313
11885
2209
5021
4054
8075
680
5701
1085
11248
5357
1133
90
10356
9626
4309
1997
2380
7997
8305
7604
10752
4045
8841
3923
6885
4080
8947
445
1835
10389
11011
2495
5387
3891
7568
9451
6121
2308
9158
6277
7886
6596
3025
3076
5377
2922
255
6041
10947
1687
5473
7171
5451
9033
6580
7872
9135
8751
11545
11646
11958
8759
10425
8169
2560
1754
8491
10684
6955
6784
10126
9417
993
1626
5303
11059
1765
2869
9809
7695
5522
310
9832
5094
8718
9791
860
2493
9410
11323
6764
9435
345
1862
9790
2372
4997
9655
174
8309
1294
196
66
7845
9507
6860
17
11932
8361
7391
4285
2639
4247
6886
8404
11356
2094
10778
11520
4167
4167
7108
8046
11811
4665
2355
4031
8150
11798
9591
10649
7091
7843
1414
3987
7179
4769
7321
8183
4210
3359
9590
2784
4595
10883
276
4554
7826
5937
11479
10962
9427
7578
4997
8735
6015
9790
5817
10965
11943
7405
6371
9069
10836
4642
3557
7270
1444
1210
2262
368
109
6875
2291
8991
5497
9595
7819
11730
1118
5172
2437
4869
5991
176
7172
408
7294
4847
4117
1355
7392
4207
9070
11630
3651
9375
10749
5940
470
1232
3256
692
6136
2370
6129
11344
5775
7281
7871
4622
284
6178
2755
8175
1960
11777
6774
11384
8169
480
10137
10034
10256
10381
340
8482
10454
3336
8142
725
1129
3601
11220
9614
1294
9431
10714
1715
9930
258
4980
4581
5801
11996
5980
649
7129
2308
1738
2652
7031
3167
8814
7007
7374
5204
9699
10611
1293
7902
4642
3731
7949
1574
5919
5651
3641
4710
9923
11576
8216
1886
5547
2451
2452
192
11216
6457
5637
3275
1167
2825
2080
8340
7780
8923
3096
1972
6663
11600
6940
3236
6797
3729
6048
7838
6882
6617
11625
9738
6746
9253
4082
7261
3055
11421
4460
10341
7107
10032
39
7010
3403
7328
5994
2804
11492
646
474
1910
5154
5121
6287
10802
6076
11824
8854
10582
6312
2239
594
2199
24
327
3017
8972
8502
1760
7082
1221
100
8624
9998
9256
1928
7892
528
5726
5316
2600
10735
387
11758
11196
11595
11050
9551
3622
964
145
8710
8419
7988
1844
9202
11713
5514
7800
744
6521
1050
5393
11105
3529
2633
9906
1093
4432
2913
10905
7805
3983
8809
4133
10886
7823
9562
5848
4917
9544
10857
1641
10969
5585
9669
8093
11807
746
5898
2485
7465
8889
6433
3378
2072
5159
4089
9650
5311
8847
2288
8566
2346
7869
11034
11816
1341
10443
7055
4327
6325
9862
10966
11548
10112
9263
4962
7813
6467
5151
920
9731
5108
6843
4842
2041
405
9966
2281
7138
8194
5099
3706
10090
526
2890
4310
2092
11892
7351
1844
9465
5606
476
5501
8044
10804
49
6480
4194
9132
2703
5641
5388
8021
7008
5433
2686
3624
3918
9682
7576
9521
9218
6408
9659
10987
11511
9441
781
5888
4130
10702
11386
8547
9547
4925
4382
9674
2730
758
3567
3998
8256
7066
3175
1982
8746
8546
11005
2093
2780
3414
4307
6021
7223
7784
3203
938
11227
10040
3747
11967
10855
10505
2567
1972
6021
1108
227
2717
5045
9923
11318
1997
6806
1306
5874
6228
3562
9243
3101
7906
6699
665
11361
8575
4272
2311
9213
1755
2957
9268
7142
10372
4893
9415
5417
9401
11726
11972
746
10442
4416
10516
5506
1755
10277
8032
7941
9507
7811
7912
2533
11931
1467
5772
4044
5005
11730
10419
2119
7462
1771
7205
4177
1600
4491
7051
341
2688
8665
3980
2132
5384
11500
1364
9232
8699
8938
5379
8238
8525
6241
1467
4024
4198
11766
4382
5089
7159
9209
8434
9920
5999
7501
7213
8087
9961
11368
11334
2418
8133
6099
11896
1117
4912
9476
11887
3763
10991
10531
5921
11362
884
9315
2087
10303
9276
5530
9294
1892
8993
11146
2115
1540
8810
7817
2240
670
1222
4787
5738
1150
2908
5899
2956
6212
6387
26
389
1119
8659
8625
10038
10150
4880
892
6194
1740
4975
5602
10078
5094
1426
3159
6911
4080
721
3548
1406
6553
5528
3004
7086
10002
313
6265
3266
5160
7850
7890
5510
6821
10158
3388
7866
3370
2735
11697
11448
2173
7113
8739
485
1763
10426
3404
3798
9806
1088
10689
2645
9749
3336
423
6001
10075
11484
9606
10261
5435
5890
5508
11883
929
3764
10875
2661
8000
1754
6903
1619
5513
6547
10962
710
9690
9037
9260
2328
9965
11359
11241
9164
5100
10989
1057
6363
7091
3902
8782
3604
4109
5629
10838
4010
7595
11462
7553
852
2924
11152
2566
9842
5611
964
9681
6370
8640
8645
6877
7948
5402
10362
11335
4654
8496
11883
1132
6715
7933
10961
7857
9002
11710
9298
5026
3297
3607
11781
4535
5154
4876
4785
11000
9967
1259
9539
8386
1517
950
4422
11482
4769
709
496
7950
4802
11385
11047
3037
11507
1787
2566
10640
9847
10398
3518
7717
10941
3690
3710
9744
1195
5903
757
6757
11244
5626
10103
1657
8498
7680
8242
1122
4966
11176
5636
2910
11781
642
253
1713
8277
2008
8440
1361
6372
9181
11287
11040
10213
8090
3106
488
2272
9906
6216
8155
7934
1174
8128
6490
6294
7736
708
1169
7031
2442
11231
1717
9037
7452
7005
11579
8560
9307
6693
6801
6639
5927
7850
5586
9428
1257
6512
11272
5721
9059
11944
7157
3763
7723
3518
1946
9256
5980
310
2978
2308
3202
4363
10248
248
6240
11010
9402
4622
6003
6512
6554
9027
8294
108
11195
4539
9773
1124
1893
8837
5650
3931
7743
7087
2115
7333
1949
1608
9009
2983
11404
1204
11534
469
45
1033
7796
9455
11609
9670
5018
9763
5908
1271
4515
3777
8416
57
9481
65
4546
2768
9097
2859
5116
11946
8901
9957
10284
6227
740
8442
5546
6737
878
9073
9849
1425
8104
3429
7533
7547
5702
6476
2048
9584
7925
3383
6793
10316
4800
11548
5321
9002
8502
10425
4916
658
4516
1321
25
18
8498
7272
7887
4239
6949
8771
7455
9571
2883
11022
3095
9905
5087
304
3462
11149
1227
7671
8175
5402
10196
4417
10831
9840
4388
9006
1627
5719
241
10354
4597
9442
9372
442
7344
7098
5792
3116
7830
3367
11018
2276
6554
3083
2820
6448
4076
468
4616
6648
255
11089
527
10177
3117
7577
4669
1585
5463
5467
6420
4459
8785
6763
1194
9929
10490
2175
11153
346
4507
736
2748
3409
442
8129
11399
1912
7
7316
585
9234
11735
6608
11325
11728
6981
11550
2869
6174
9386
10348
10273
9407
783
5503
10494
2458
11637
3512
1814
10469
6858
8896
3350
4998
5223
1574
10664
11286
6936
2416
11528
11490
7822
2533
8877
7429
1118
11302
1043
9325
3898
10487
5806
1732
4916
1798
8840
6257
4251
765
8231
11371
11369
6151
9103
1323
5601
6526
9255
1559
9256
5333
10728
962
11835
9694
4137
932
8025
9624
10706
1206
11026
6553
10493
4596
3614
9070
11097
3268
7240
2510
10085
6414
1145
9503
3908
263
11619
3585
5851
8463
5148
8784
9443
2453
74
9599
2090
11035
7960
4996
6710
11417
4429
4997
1328
6274
6661
4252
10070
3780
2686
7467
5135
2338
3653
7488
8456
6223
7107
9241
3716
2669
2498
4923
2790
5308
9396
8605
4335
3775
10491
8496
6654
9643
6118
2698
8496
5164
8284
3337
2714
3119
4209
11990
5461
293
1627
10600
8377
5388
10335
3041
9746
6579
2719
7351
3482
4121
11694
8184
7377
6209
914
3764
7939
8945
9288
1625
3462
9429
5392
8231
2374
7809
6440
6191
5934
4605
9513
7876
3175
9418
1542
1071
9881
1785
1081
9205
9187
3560
10257
1042
485
1944
2629
6367
4488
6365
6472
3740
444
2205
8135
4580
708
5908
1576
8458
10678
7953
10135
1540
3345
525
10674
778
11594
5239
11648
9689
8342
3895
6810
11112
5848
2001
6605
7626
6516
3326
8993
4144
6661
4046
5721
5974
4588
6825
7649
345
4935
11929
5368
10646
7069
5585
7757
2233
2759
3873
4
681
2872
1474
11836
11162
4640
3333
1984
1621
10077
303
8662
4703
2425
692
11385
11458
1496
6949
11394
7880
8209
16
5391
7343
7695
3152
778
8742
3005
11325
1549
7663
7953
3077
3933
6391
3513
526
11432
5363
1437
1401
11967
4744
8617
4071
10372
958
6266
756
6126
2056
9287
3826
11231
8507
2683
3986
8913
2233
2497
9231
9216
7426
6560
10036
11515
582
10296
8007
5257
11775
5100
4495
3791
5868
8924
513
11788
3552
308
9510
3530
7157
187
6694
834
7531
2268
2604
6767
2481
11567
9224
4397
10225
363
2124
246
1187
1158
7659
10879
10679
9246
2694
6216
191
4650
6784
6284
5288
10061
3656
4193
34
4929
6179
11494
9232
9945
7038
8704
154
4831
9377
849
359
4816
9092
5656
7203
10893
5051
2230
7533
8238
6663
11086
3066
4058
7679
1485
6794
4529
937
11953
5205
6040
10639
11204
4450
7608
9508
4160
9701
2973
2167
5903
4489
9283
8318
10065
679
4989
11800
2875
8519
191
6264
7656
2155
10859
4269
8435
3735
6857
2443
11220
9859
4251
8350
489
9653
6400
11300
9053
10180
1726
8898
1708
10610
11975
1877
9630
9265
5427
9473
105
11857
660
10932
11775
7463
9355
10057
6254
4117
4519
602
9994
10437
2048
10462
9061
342
3395
2673
4189
3103
9575
6808
4031
9827
6492
901
7832
3672
10270
11160
9933
2875
5041
8912
10846
5014
8738
3892
5350
11490
2263
10765
9157
9016
2513
7204
11631
4058
9625
8277
2448
9054
8895
6171
3438
8090
119
5120
9188
7354
3892
9995
10953
1907
271
5226
9858
7965
10626
3757
4825
9005
2836
8846
2154
6427
11806
9940
1855
1070
3715
2166
9343
11182
6045
6674
4495
475
4914
4747
7174
3690
10208
9818
8619
10757
9945
11676
3078
9238
2566
1298
9629
3961
1991
11851
490
6596
11741
2931
10149
1597
6279
9053
1517
9020
4194
6374
3124
8618
9708
6502
2017
3159
7117
6314
2989
7755
8020
6867
11518
6177
3270
4520
4016
7554
4466
10811
8437
11275
254
711
2207
609
10026
5262
11092
2236
5099
11339
9032
7978
10326
5023
6359
10357
4649
3005
1460
1633
7123
7803
8647
10730
3204
3356
11579
9468
9050
726
7311
2687
1964
1063
938
9620
1698
979
7015
11284
1381
1159
1354
8615
1660
11595
1706
2773
5507
3830
11920
11855
618
4916
5063
3173
6336
2449
10637
7668
9696
11858
503
7627
492
9718
3677
5592
9834
11870
6487
3991
6930
5987
669
9560
1834
10626
10533
11306
8607
7399
1125
11769
9388
187
8699
11853
415
2927
4677
1278
5944
133
6668
537
1122
9361
9177
8370
7892
3015
10927
3058
11454
4602
8577
9279
5756
5199
4115
2867
1595
6788
4322
2225
9206
2592
10574
4443
7933
9044
389
7594
8929
9982
4944
978
8164
9541
3639
5330
8372
4606
9651
2078
5631
2474
11411
1273
5353
2378
7885
8744
11903
8642
5262
11
2355
280
8440
3355
4201
11336
3797
4062
8695
7795
6937
3013
8415
9120
7819
332
8071
879
2220
3156
1696
9930
1869
348
9077
9224
2995
7749
9123
8418
2755
2865
3007
908
9378
665
7884
10880
7299
5934
7678
11115
4495
10752
9794
795
3400
10125
2212
3513
5202
9895
3924
9713
4791
2496
4554
8108
7760
6419
2868
6103
2922
9071
9435
11294
6759
8233
8296
8076
4668
10992
4921
9867
7533
7464
11966
4649
3037
1513
7825
2748
6303
8560
7021
3240
5769
6508
5221
6260
8241
6715
7482
8433
10209
6582
2228
1915
10989
9715
7257
6403
8972
8660
10439
8249
4955
4723
10947
10343
3903
1873
4239
8367
10216
3437
3705
1079
392
2369
7633
8845
4475
5590
7401
5935
574
11074
8400
2758
1664
1169
7851
10348
7392
4427
6802
558
10680
6770
7714
11166
3013
3604
7062
10058
5008
8598
5371
1758
4214
2328
5928
632
8916
9114
9618
7054
734
7170
2310
3987
1991
4141
5487
5844
3668
3472
8624
4849
8758
3386
4204
2505
6897
267
1385
2216
1880
4920
9122
8693
5456
2757
969
5782
1671
7178
9253
7590
10524
7777
6609
671
8259
4993
7760
524
9440
3958
1509
10757
8307
7855
7543
5800
2788
3034
5656
843
3225
5993
11058
6496
3379
4202
6643
10805
3158
2283
5527
9440
1661
2473
10938
6116
3455
2944
139
10487
3917
11641
4317
7041
8125
618
8972
8224
11706
5279
1832
4873
6640
2444
8293
1521
6337
1050
2834
3060
477
8791
9200
9942
342
5658
3813
2403
2416
10477
5397
7336
4812
7682
3818
3768
4761
5553
11231
2667
3522
11485
11737
8192
4305
8801
4868
6975
7497
6105
8378
1602
2498
9552
6518
2422
11173
1510
8643
4262
7464
1515
8391
9402
6647
5540
6326
1498
9102
6990
5933
3451
4747
7238
10044
5504
11966
777
9922
4720
9179
7356
1163
3791
916
2993
7103
7333
7993
715
1377
7197
4048
6078
1414
6867
2797
10241
4068
1706
5460
5010
8579
1403
7586
10470
11695
10757
8569
8747
3054
6247
10749
6948
6214
6146
10587
9711
10941
1648
8870
7415
10883
3767
8764
1651
9966
9189
9738
7429
5588
3032
362
6070
8966
1952
1127
5206
10083
1655
8556
9858
11953
5623
7716
7179
9741
251
2433
803
3544
8042
9729
1207
8496
5548
4899
448
3304
4089
666
7981
2775
4878
3256
4371
6068
1883
2875
1029
704
5916
355
5290
1202
553
3798
3159
3757
8315
1748
10896
1507
424
7112
10091
5694
8996
4472
444
10615
5651
4393
6635
10393
366
10780
10091
656
2523
2042
11759
1706
3490
11876
2746
4655
10605
10190
9326
8440
9080
3533
7723
590
5982
10866
6448
3772
4412
1338
3120
1957
8337
4899
5349
1295
9117
10504
8355
3928
1819
7666
3836
2492
10758
3365
5486
9694
3288
7679
11446
7637
11382
10179
4997
8785
6625
11119
2683
2708
8573
10545
9342
1645
2592
9690
11393
7318
1966
7986
8843
7399
968
10603
8178
8744
3280
6587
11776
11636
7196
8912
1169
6820
3241
3360
7357
7318
3053
7915
959
1785
7758
11457
7830
11585
6482
2114
4870
88
1754
3419
7771
6211
10412
2344
2657
2098
5708
10876
8874
4276
1712
5858
7380
9841
9067
149
2370
10049
3185
9948
3525
4346
11262
3254
8811
10338
5027
8832
265
9517
4748
5005
4516
7018
8257
889
10299
4710
472
5859
9919
4328
2943
6829
5378
10129
2632
286
11207
3513
249
10536
1386
3725
6128
10795
10977
7801
7937
4650
4721
7380
9661
385
6149
2441
3246
2847
4105
1288
3636
4728
11223
1
5276
355
7806
6573
10758
2849
1419
5832
7247
11773
10143
10712
1197
8715
924
11124
5151
991
11039
5293
7791
5756
2598
4934
3564
6834
56
6960
471
5325
934
7601
10463
11436
941
668
8517
8664
8051
5552
9776
488
1591
2905
3429
5554
9418
6015
7600
11256
10240
6715
10864
5253
2435
631
10421
3336
1924
3906
7955
4496
10945
4970
1977
6285
4839
2820
215
10940
10955
1717
10531
9105
7433
308
2359
4474
11671
351
9078
9217
9201
8160
1168
1919
11059
4254
8543
4804
1559
1944
9708
8154
7680
3302
11834
10168
3552
10032
11191
6233
9862
5041
10510
3354
154
7748
9666
7513
3036
578
5796
2205
9965
4803
10467
1291
10911
6467
5434
9750
6037
6697
8661
2115
494
4268
6327
10910
4856
6859
4203
6342
8131
2659
10600
11598
7433
8709
3801
926
1307
3119
11168
10503
11073
116
3305
5620
5492
4642
8953
7775
2406
5126
11475
2660
250
6574
4002
4195
9571
4817
5943
9823
5771
10345
5644
11837
175
1062
3852
11581
6307
3288
9691
9048
10092
11422
1334
2841
1893
11495
7080
11779
4356
8304
790
1514
11955
2302
4071
4537
8031
11170
10601
10438
7036
5709
11586
1731
9856
206
10356
1136
11023
3682
11938
5465
11233
11709
6394
9934
11241
2411
4580
1214
3999
7066
1591
11021
417
7865
235
7460
8286
5812
2492
2637
3398
1812
7449
9134
6069
5031
508
6358
3924
7596
2058
2775
8040
2201
10007
3031
5302
8658
454
3355
2068
3269
4108
10785
10672
4968
495
11930
11674
2833
7042
7738
4988
5986
10630
6804
5502
6130
694
11312
11526
11931
11097
5236
2936
4247
9875
6398
9593
10215
11688
5134
6030
10394
9060
7232
6587
3720
5290
6003
1767
11470
5297
8192
10701
1895
6321
9768
6068
11896
1632
9232
7188
6288
5168
7696
7493
5473
557
1083
8648
2020
2497
10042
10625
566
9211
8748
11074
931
99
2135
3528
9737
10199
4907
5591
2462
9546
1317
7739
8855
6617
10863
1349
8274
4633
9723
7543
4570
2202
7284
10382
8084
5291
11737
5618
244
9257
1484
11062
6910
979
8176
2653
10151
9224
5248
3532
11670
4607
2129
6790
9066
724
8108
1515
514
485
6188
795
7520
6280
7551
10137
9239
9473
7520
554
7358
11684
1005
8077
7677
8662
4258
11357
6141
7360
11258
9150
3583
8679
3318
10383
7759
7935
11931
1920
9056
2905
3332
11995
5974
7382
4168
886
2292
9491
5471
6857
5588
7769
7877
1589
8392
5702
85
1414
7014
4216
1392
1735
8601
8591
1666
6913
6157
9228
7439
11652
7946
2798
4926
7637
3076
7777
683
7359
3169
3560
7211
212
11881
2323
9454
9959
10786
11147
7051
11168
10074
7246
9182
2903
8696
11860
3261
3997
2414
2938
6512
11503
8969
557
6282
4239
5206
6389
3255
11021
9926
1979
4090
8306
11431
4052
4908
1563
10387
6712
11689
9672
4136
9435
8331
4579
589
5498
2248
4566
1154
10794
4909
2941
8622
7806
6342
625
6107
4293
4730
628
8577
3757
6889
10838
10621
3766
5859
3997
3990
10128
11505
3980
7594
296
2059
11084
1317
7907
698
7548
5244
8100
218
8386
233
9078
10684
9892
8222
8054
4072
1876
10094
1202
12000
11480
3547
8566
2370
8396
9867
9408
9767
7340
3055
1329
9229
3671
1505
2422
7826
7360
5691
71
3222
6193
1458
4472
6023
2208
7480
160
9944
10262
6679
3642
9592
10355
8491
1765
9017
996
9273
4044
3507
5583
4657
3481
6931
10684
2212
9824
4791
1754
2484
8900
8458
6126
779
1656
4677
947
9644
4718
11855
11743
859
10041
4491
10803
1749
11018
2900
2307
10103
315
370
8892
7123
373
2120
5579
1590
149
8150
2713
1679
11443
8313
7301
2691
3440
2650
7771
7986
3067
3242
6154
9627
39
8467
1489
9649
2648
10921
1981
7857
1979
8901
2946
11735
8236
1103
7278
5833
11237
6411
6276
6721
9292
4434
6258
10245
4685
9802
4091
289
9591
8116
9705
213
6614
3565
10928
2618
9142
4992
2231
6624
8727
7561
969
2515
10079
7843
4149
514
10565
6544
8479
10002
9933
9729
10341
1790
7387
2099
1033
10243
1685
6450
7291
687
9494
3217
1811
1797
3062
11452
7077
904
1559
3665
8567
10621
5156
3412
552
6932
3358
8650
2119
1965
6172
2502
3071
4628
11202
6665
7647
1333
47
6447
10249
4529
7616
8159
6460
6063
11186
1599
1540
5467
4388
5388
1233
5415
3843
1559
5600
4957
9641
218
1972
5849
5002
8838
961
9669
11557
7258
10913
7599
10173
715
1090
7673
5519
120
8198
10178
9664
2068
5851
6499
3385
5338
9469
1520
3577
715
8955
5822
4482
9863
9889
6437
1792
4404
2320
648
6390
5844
11649
5126
11817
145
4866
11778
11472
2562
322
5702
7860
11037
3128
10907
1140
5684
2685
8783
556
7166
3313
11899
8145
7687
7654
6113
3220
2389
10542
127
9054
10486
4444
10980
7326
11700
7268
5358
5311
4122
10526
8806
11341
4385
9837
4928
1280
7543
2843
1269
5097
4089
11574
6403
3892
6301
11838
10921
1872
8859
7291
9094
2791
2140
5733
8303
2156
8487
5007
10686
1311
5586
3608
9423
6944
11700
666
11584
10016
1690
9577
8011
3801
5163
11746
6560
8515
9900
6046
10496
2413
1187
3690
9238
7261
4251
2591
11316
8972
11760
7410
6902
5227
5797
5896
10829
7721
4098
6528
7324
9078
11058
5403
8893
916
1799
668
2711
2294
3030
4351
2378
5778
8266
6811
9888
10395
4893
8271
8717
3689
9885
3687
9246
7075
6621
9824
1876
7002
7905
629
10939
1353
11735
9606
3813
159
9775
5579
6746
6028
3432
4117
6663
11752
8364
6291
5850
5955
11358
340
8866
5351
2663
21
10389
2210
7674
11980
4811
7867
11090
4252
9060
2510
5285
1136
6292
7128
11611
2261
4129
2668
4211
4357
10665
4282
11361
7548
11681
5133
8117
5789
8549
9110
507
1146
1639
1549
2458
7092
11279
9749
4494
8843
2405
2953
2740
7362
2816
11716
8229
1277
8904
10973
1261
8080
1351
1771
5930
3240
11091
4192
11934
7334
9879
9158
2833
10214
3076
3737
3085
5355
5211
11138
11356
10516
853
4239
3911
427
5339
10175
10112
11839
10990
6583
10258
8275
483
4680
31
8962
11731
10863
7051
6569
6652
6073
10385
687
625
225
6406
8519
3784
2595
10909
11215
3016
10306
11201
1817
3161
9300
107
9998
1055
7116
3719
8720
8940
11645
3992
6135
5221
10548
10008
7143
11089
5277
10415
1104
10638
7945
724
146
5962
1996
10523
5941
10057
5624
9083
2287
11501
4606
3026
1884
609
3279
7762
9368
11634
3497
2443
11251
11385
8216
3941
5129
2015
5556
9206
5047
9764
2876
46
6863
8520
8071
3441
7226
2832
3927
9856
9534
1091
9811
2637
10800
3799
9520
8800
430
8787
6382
833
70
1611
6585
6741
6720
3794
11174
2868
8096
2229
525
3139
9308
3066
7468
9419
3432
9754
1982
822
2289
11286
11602
5710
1231
11955
1638
6532
2223
8265
4190
1507
4064
9485
690
2355
7941
1281
7920
6061
6937
3211
9056
2711
4550
10906
8836
954
10071
7372
2528
9970
10743
198
4647
736
9789
9479
7829
9580
3593
509
1385
1419
10270
1242
4038
8057
10149
9528
2282
7692
10389
7860
3673
8354
11378
8533
6883
4184
583
8401
7900
8860
3154
11048
6252
10762
8355
727
6909
1640
4690
3238
8557
9060
220
6203
92
8382
10973
7039
3385
9957
11177
10535
9440
11593
6109
8155
5227
4197
1445
4336
8703
1769
11023
11311
9370
11955
2385
235
3975
1354
2087
1910
7540
9605
2646
5621
3693
10224
8446
488
10159
4244
4206
6868
4862
8476
11640
4139
10866
3133
3904
225
10241
7812
1161
8547
9846
5576
11082
8393
5025
10812
9069
3732
208
8568
7122
10214
8277
7644
5991
3808
10454
3552
2299
5096
977
268
8300
8126
2738
11167
5450
3564
1743
11189
7499
9852
1668
6520
10234
6830
1698
5526
10500
10723
4358
10278
8667
6225
9861
6432
8720
4031
7278
8232
9483
6106
3323
10026
7824
904
8138
8862
1341
2979
10646
658
6260
9518
4097
6658
3292
4198
10281
2231
6517
3961
11859
4955
3645
4053
9999
10617
10694
3154
6851
9908
10799
2627
1169
10939
7728
3292
9214
4069
8438
1994
3680
3960
2164
6672
8794
3693
4996
7758
5070
5089
11975
8543
7536
43
2268
590
1616
10138
5979
2282
9780
11300
9320
9252
1995
3956
3621
3793
11681
8648
2393
7279
9950
7453
4830
1002
11076
9770
7103
5146
4114
2885
1413
3131
6795
5780
7917
1063
5828
4588
9718
8149
1474
4462
2029
2911
3574
11421
2625
2419
9266
1041
7152
3508
11750
1298
10081
7879
8458
10522
4209
416
2727
646
3199
9044
8568
2899
1074
2586
3388
581
7698
11566
8499
1630
4327
2164
2125
8919
9323
10833
1657
2080
6746
4125
3030
7268
3447
11322
9200
1299
11564
2369
7137
4125
6479
10514
7229
9293
6552
9689
8184
2145
4886
10834
3107
8248
9161
9652
6553
3265
10692
7708
11240
6048
3043
5413
4076
5517
5289
2722
5326
1361
10958
4340
9098
11177
2485
3669
3131
7380
2962
11558
8547
5780
9509
5666
64
1307
3252
7252
6157
9878
7688
7818
6518
9458
1678
6594
3819
9143
6110
1879
11403
9704
8610
2389
2036
5416
10893
925
5764
10675
7961
7480
8245
2670
3163
2208
8009
10105
3368
8510
899
4048
1347
8707
7863
3780
11233
3817
5198
305
2072
4255
4272
285
668
4250
2399
7585
11810
7382
5876
5180
4328
1067
5881
10277
4592
8316
868
5377
1440
7069
6329
10197
4349
8017
4630
10838
10117
7121
10147
7790
7535
3022
6888
3583
9053
4673
7365
7795
1889
8398
2338
10920
8643
328
9746
4474
2309
8876
2159
954
11616
7082
1051
1956
5697
6404
265
2378
9300
10114
7402
6583
8975
2980
10989
8724
908
2350
2925
9123
11843
6825
3628
10537
6900
4164
7302
7433
9130
2689
7229
1923
6401
9621
9805
6603
1798
2053
10668
1373
4388
5904
8638
5489
6738
10429
1532
1356
8292
187
2214
11380
2410
6477
1455
3663
969
9536
10365
6168
3896
3854
733
2952
9785
4829
6957
11841
6074
425
6286
4679
7306
5886
11185
8296
5952
5742
654
8457
11469
4790
7157
4578
10457
2188
7245
6730
351
7884
5496
10588
10642
11542
11120
10304
10275
9727
9266
4927
5671
10667
2311
8357
6865
6651
11200
4850
1384
5553
8702
2164
10433
10718
10237
4231
7634
11419
6418
5590
7593
9984
11869
2920
5664
4979
576
10238
7632
5874
345
4043
6118
5716
835
2591
5402
3511
7649
866
1807
3855
6424
9610
8987
3717
55
1755
9168
7960
6579
8879
8995
2166
9748
9699
4377
11290
3040
8401
10808
7385
2043
8123
9676
8130
11928
8564
9013
159
9453
4233
1023
7669
4595
4129
9163
8010
668
8226
1098
3789
9859
7612
6990
1558
9619
181
5720
10781
5213
1494
157
1986
5061
9506
6091
6916
7147
11517
3499
6351
8025
10521
3922
1042
9390
1057
10676
3628
3876
8313
8934
8317
7865
912
7694
8119
6765
9685
7650
6853
4335
153
8874
1248
8360
8356
114
2889
9148
5646
4619
4893
2391
4282
7670
9251
4116
4084
7998
9915
8005
11090
293
7304
1734
5638
6351
7675
2364
409
9362
11710
7320
5287
4210
1268
6751
10833
11186
2925
2905
1545
9349
6188
11591
8969
3340
11569
2013
1596
10128
9426
8932
9602
10838
4824
2444
11426
7730
3761
8155
7180
3410
7506
9707
5981
5106
10173
4691
9975
2578
2273
9848
768
4495
1499
8345
6518
7507
6485
5277
6299
4330
6942
11491
11915
8195
4428
11035
9280
9821
1637
11039
912
3978
482
8441
2862
10202
3725
2960
1164
8607
4694
9733
4943
2685
5884
11553
6499
9797
10890
8326
11405
1863
8644
10761
9143
5293
10294
2393
1588
11894
2050
8070
7348
7871
7479
5776
84
9057
8454
1661
8532
2816
3138
7782
5418
6524
11148
10404
460
9709
1363
482
7039
142
7930
2912
10729
2034
7804
1188
4496
10566
3642
2087
8457
2943
7662
1813
3010
7776
10536
8583
6885
234
5307
1085
11695
10010
3048
1434
4424
11036
1896
5826
748
3603
7860
11123
6114
2729
11421
11010
649
11758
2391
2092
284
3845
6635
10648
7103
3007
11961
3167
4227
4373
4926
7682
1097
2242
9230
3319
2811
3905
1484
11641
5758
3356
8602
11150
6361
5180
3735
11652
9951
8781
4659
497
758
3208
2237
7964
279
8466
2098
7491
2148
524
8490
1966
1814
7674
10937
3189
2406
1129
1212
3211
5087
6355
9627
8228
181
10445
10296
10083
3381
3834
6192
7357
62
1667
5543
8123
2357
6541
8791
11917
3871
8401
7017
4534
11778
6542
8989
11285
11749
9943
8383
860
2714
5012
9359
5140
484
2146
2080
4966
11074
1287
3088
2887
8499
7677
11555
4947
4309
11007
1303
7748
3931
353
8925
9180
4305
4077
11412
535
9851
155
2026
41
8247
8324
8298
9381
5341
111
10685
626
2869
609
2605
2020
11612
1821
1797
11619
10268
6120
9047
10088
9977
1062
1670
9273
2537
11659
1686
3188
1997
10295
4978
496
4874
9209
8181
10554
4300
11538
9744
3756
8999
9777
3108
4069
10112
9971
11668
2413
3334
11641
6041
4176
8096
1270
4872
8109
1345
10865
6544
5536
6992
1689
4513
4819
1178
4884
9667
10269
5692
4279
2718
4611
5488
8227
1384
9970
9407
9632
8038
8608
5662
10126
5492
4041
11783
7106
7022
2289
5312
10875
8830
4631
5122
2294
4258
4439
6230
4279
8186
2519
9763
2815
10330
1667
2981
1576
2981
11436
746
11507
8794
9614
6583
9314
6244
9928
6439
867
4962
11899
3136
11835
10756
2170
2520
1301
187
5600
6657
8726
5254
7955
7741
3762
3878
10051
3342
3292
3445
7473
9169
3183
619
4426
7601
11260
3916
4627
7867
680
10967
3240
11525
8627
4331
4353
8947
11361
10959
11695
1117
7912
8066
9944
7202
11950
5043
6839
10041
2252
2225
6925
3164
8739
2015
7463
3896
11389
11339
7406
49
4096
6578
8715
1145
3663
5358
561
9145
5115
8328
10306
8512
650
3604
285
4302
9674
10154
4147
11475
8319
7248
476
3147
597
9983
246
8570
5938
9553
9427
11647
9382
5926
6563
2192
9264
4496
3780
9971
3118
2135
1309
2298
1265
9991
8597
1372
2775
5408
8251
5380
1910
5092
8355
11409
11998
7215
7252
4
3199
6931
2063
8241
8282
11469
7629
2362
8225
931
7015
3450
770
9860
9214
11970
1602
2803
2060
5975
11163
4210
6263
7481
3238
9366
6425
5346
4311
10388
9701
7952
6454
4155
8821
1642
2123
2253
10691
2560
5630
5370
7099
11256
1452
4252
10197
6627
10440
1933
1073
9665
7704
3929
6844
10855
9550
4098
2095
7707
5556
6710
8241
7683
4232
4494
1211
9552
3499
5902
1756
1254
728
8453
3075
9815
8689
5310
1511
6419
10398
949
10913
3982
9801
9955
6827
5077
3317
6980
4151
9749
5172
8517
7563
1569
10613
6883
5296
10618
2717
3354
3334
8793
9821
7429
1276
1784
973
5633
4645
9963
5654
7574
6233
2974
6375
2459
9751
11736
4905
2910
8281
3898
3524
6715
4491
9671
11913
1938
4647
8214
5235
627
4618
9430
2858
1788
2032
619
9626
575
4723
5633
2701
88
5476
1299
850
5760
8425
1828
11254
10097
4289
2015
1895
4852
3195
692
3654
5845
5039
3492
4918
10980
2345
10490
11057
4800
3661
4109
3544
9203
3671
2833
2837
1205
6103
3096
3184
5092
10941
10949
8679
6585
6073
105
9569
750
8456
1592
10855
7529
4979
3737
6407
9265
7275
1830
7034
9181
4328
2402
7579
2396
10324
8064
3232
10682
10443
1256
242
5507
353
6478
4392
8396
1627
2057
3395
758
10056
11338
9420
3109
3715
2129
10829
7049
6053
2438
6798
8199
7769
3245
275
346
10182
4049
4092
3879
8374
9116
7234
2418
11222
2666
8615
3861
637
11694
4685
4867
8754
1525
988
9286
9678
4085
10385
6032
5866
391
5665
4796
1480
11948
758
4488
6226
1418
9556
3655
1201
10075
9958
3922
3590
1859
9288
9915
3523
11152
590
4675
3734
5636
10040
8713
293
309
6293
10117
11192
3949
3321
11204
6531
8786
7702
4947
2674
9436
113
8547
6367
8338
2924
5003
8412
5009
1854
5053
2407
7110
9626
5164
1172
8564
4345
4193
102
11139
4535
484
6392
4358
5409
11155
8074
2557
3198
8777
1213
8715
5349
9110
303
7475
10771
2209
6882
4338
5982
5432
8022
11101
5801
4966
11100
8070
10861
1320
5773
4872
2485
8849
3821
10967
4128
836
8312
6738
4245
7476
8638
3204
6306
10203
3056
6091
6485
11758
4985
9286
1124
4222
3351
3672
1020
10318
10321
10628
11660
1830
490
8818
9830
4777
5309
881
5255
5144
6744
9207
11135
8350
1198
4276
5960
1660
7872
6740
1397
8094
11358
3078
1503
7502
155
8403
10080
3289
4458
6488
2845
3054
181
9623
8123
4015
11493
5872
9465
7492
1928
8580
1332
7977
4837
2328
6955
6909
7386
6649
7273
5657
2131
10936
11095
1889
1768
5763
2399
5095
1696
6906
11383
2414
5578
8191
3218
1458
5254
6513
11132
6692
11581
4572
976
11875
828
11662
9909
6558
4533
10853
8529
5333
3677
9249
7209
3187
10883
2006
1076
5447
6588
5520
8085
9453
945
10716
11404
5845
4874
5944
843
7160
8310
3445
1389
1918
10837
5454
2997
11233
62
5981
1367
10697
4927
9938
9503
4276
2204
7085
8428
6057
7453
1192
10051
5011
10409
9828
5703
7794
6586
4037
3046
7011
3578
5716
6151
75
3153
9431
8801
11502
8535
3030
1396
2119
292
6938
1104
4747
5035
10888
4729
7817
7831
5000
5843
2531
3306
9151
1289
1558
8855
9289
5157
7709
10578
8953
1543
119
1634
3744
3138
2918
2222
4087
7336
1846
4044
3289
1518
7538
7425
10386
2866
4842
4939
10570
946
7811
9604
4091
125
8615
1573
6903
9347
11739
5693
10475
5310
11209
10883
1193
11881
402
11262
623
8037
9411
8945
11886
5771
4131
610
4747
3241
4076
10776
7857
309
8860
7393
11683
9078
1771
8056
9057
6139
874
3235
10324
7740
8250
3657
2840
673
11969
636
921
2061
5418
5980
10470
7570
1590
3147
5360
8817
9395
7521
2623
5998
1172
5637
6546
9712
4059
10761
11239
11386
4836
6643
17
10824
2603
1937
4307
4066
8144
10712
5774
2682
7802
11873
2285
931
7785
5073
1118
3950
7286
7704
1004
5581
9919
2050
6847
10044
6971
4640
1841
7415
10068
8010
10864
4912
11105
2807
5123
253
8146
9669
2728
7455
7963
997
4155
179
588
9666
4259
5374
9487
11951
11069
324
9190
5641
3544
9151
6300
9043
11222
9665
3371
1726
1241
5335
6368
4346
3814
1214
10695
2421
369
1202
7390
365
11044
10893
6322
3702
7707
6365
3321
11510
4528
8594
8996
3560
5753
11958
6274
1826
9317
5028
7429
3397
7435
5334
1170
9748
268
4946
11227
8134
4907
5457
10399
6420
10155
10733
7573
8353
3905
118
9824
6950
10495
11656
8964
7442
7047
5611
3636
8264
6502
11443
9771
7334
7797
5908
4698
7920
791
2853
5631
4114
7169
6726
7230
4910
8226
7589
10385
3541
1269
8560
1545
1029
10572
3159
2607
7348
5052
5778
4256
9101
7222
722
7868
10034
3871
7144
10540
2190
6441
10881
7677
8663
5761
8159
6443
1038
1767
5956
823
6336
8954
469
5808
6341
9046
9240
5002
7308
9034
3825
2050
4112
11579
9698
5545
10352
10366
3754
9700
4914
1221
11096
8492
10990
10998
10148
2613
11515
7086
11089
5851
6575
3715
9865
585
7366
7470
6196
450
11533
3372
4406
7360
4212
5932
11528
2703
11419
11514
8458
5011
10296
9674
3836
4794
10445
9476
1397
5326
11820
9254
9870
6869
9235
9789
9587
4289
5051
10349
2907
1781
10339
9850
3451
3766
3313
2160
10625
596
5615
7688
11794
3988
171
1162
11962
10825
8712
5403
8100
6995
2792
5450
40
11928
9554
8394
7727
10423
2399
11457
2469
5645
5690
9823
8560
5186
10027
10864
1513
414
2929
3689
10723
2476
4252
9657
1539
673
6828
9168
1814
7750
2779
5367
11674
10248
10666
2604
10083
1794
5524
6308
5034
1555
3975
1209
6864
454
5462
6068
11535
2596
6372
1894
6143
6047
1314
4218
2410
6543
8822
2430
2397
9503
5931
8101
6888
4942
818
11379
45
10763
9469
11382
6348
1162
5340
5720
6348
11614
6049
1042
6783
11454
4662
11182
3
4071
1917
5344
1896
3410
1235
5037
8570
1430
168
1056
6167
7103
8389
3659
10391
11285
5148
795
9964
2688
10391
4776
11229
11438
4452
2664
2587
5937
6556
2128
10036
9059
4535
7058
9430
6797
5614
6931
4250
9930
723
2392
11026
9972
5659
10104
2862
10172
699
8546
4789
3829
6485
10619
907
1974
9166
7035
8998
3940
5625
2235
8569
1391
4041
1572
3052
9180
11596
9648
5696
935
11343
2651
10701
9891
1927
10414
596
10382
2545
686
2202
10519
8120
6104
401
3837
9486
2805
7164
10872
5726
3285
365
2849
10550
995
7295
5267
599
9045
3000
1299
6709
9229
9658
11573
901
7472
7869
11164
9451
9764
11675
10870
7731
3454
10336
2523
5986
5169
4250
8823
2345
7331
536
5410
3433
664
688
622
11779
6439
7337
8994
10533
1325
6415
1794
4837
2020
1273
4478
6526
6016
8196
9925
4568
6988
10069
5953
5910
7214
10536
9295
6278
3401
1131
3430
10041
7990
10428
4688
676
10389
2448
3090
1440
5381
952
1997
7910
2375
11040
10391
4703
11784
5503
6272
11774
7983
8854
437
57
9227
2585
3226
11883
5892
6514
6043
10192
4460
4901
5744
3446
5473
11049
2328
662
1223
6370
6023
323
11635
7673
5670
5325
11958
10286
1959
2460
4932
10589
10823
2704
667
11890
6349
4145
6036
3758
4704
9844
9162
2308
9317
2011
7010
11125
9572
5862
937
905
5926
8945
4034
7199
5728
3860
1771
10905
6499
11172
10749
1207
1874
2438
8784
3350
3963
3496
6229
6069
714
7577
7686
1146
4179
900
11478
8801
5560
10057
7161
6314
3869
11744
4440
1496
2338
4141
11333
8021
10647
5645
10556
8476
9489
8490
1078
2053
6560
8256
11903
174
596
8151
5144
3263
2393
10442
10282
2029
7142
7161
9974
2844
11150
11573
8053
5591
1058
3255
11964
687
4385
2883
10171
188
8678
8684
4075
7065
11937
5895
4609
5547
863
2291
334
6297
8337
4454
6530
1333
5391
23
7924
7280
10719
9876
8898
2735
11844
2492
7527
5876
11971
7780
7655
3719
2904
1719
8860
1047
8266
5456
3247
10787
1349
8355
7075
1858
8145
9471
9029
5601
11960
3562
6941
9466
7072
4201
4050
9983
5235
10122
6143
11585
3201
11101
5448
1855
9021
10239
5400
2419
5072
6783
2725
4186
2275
7535
5864
5936
3185
3285
5989
5987
7917
5917
10916
595
10694
5653
9945
11910
1755
6692
4653
3619
1731
9785
9786
2682
5907
3046
586
2286
4930
11386
64
9915
11533
6593
8356
8212
11714
9266
2782
8403
105
11530
7108
5405
9626
11668
7830
4230
1220
8752
3125
9949
8906
4022
11418
2232
11647
9892
6219
4616
8713
10350
3822
10171
1819
3996
4868
5125
7277
3518
1998
11409
4698
5539
11689
1417
9719
7905
6484
9325
788
11800
10935
4859
7472
7465
2318
4708
4420
2804
837
10481
3921
1875
10954
699
107
4538
2822
8326
8102
884
8726
1273
5564
5738
8470
5857
3418
8769
9370
11791
1167
6237
10172
9971
4564
1747
514
8178
155
10233
4085
2481
2082
5636
6524
9929
4845
11484
5394
6989
190
9541
5654
559
6422
1266
7059
209
2287
9150
11522
10603
6259
11623
3806
7056
2104
10025
11379
10433
7781
4789
8445
8071
649
3698
9212
3010
6552
8595
3444
9994
7161
2093
2123
11060
2743
8511
1256
11853
3712
208
7459
9648
8849
6736
4237
11018
2945
2580
10451
2197
6420
1220
3042
8460
327
5320
2015
2883
6976
162
4374
1719
3670
6558
9922
363
7210
10921
291
8636
3700
10039
3421
2757
5728
1487
4245
4070
8656
4749
6727
8744
11943
2092
4456
4781
11824
5851
11104
5887
5397
8447
11434
5951
8767
7013
6919
11484
4806
6141
6896
11940
10215
125
1805
1584
11568
8864
9037
3268
5064
10799
5358
8024
288
2641
6669
9606
7925
11613
1399
45
10326
9124
7479
4102
236
8616
1093
4828
5926
4833
445
8564
2362
9743
10395
10678
9758
6953
5515
6174
4368
9754
8462
3096
9089
9938
7199
7231
520
9718
5014
5205
10583
608
4245
6019
9580
1225
11102
7460
6541
1275
1759
2043
8706
10743
6145
1638
2936
10668
3230
7754
10074
8492
4992
2132
2173
8266
8125
3810
7191
3863
11351
9713
9181
88
5016
9695
3394
7627
6065
5287
7545
3662
3207
10313
5080
7452
698
1778
4723
10700
556
6949
1792
3722
1546
2354
11905
5874
3659
5304
5091
12000
5361
1652
1059
11797
5269
4845
1864
9892
8953
5607
7522
1586
6596
5154
10594
2960
5404
3964
11138
310
10550
5406
8040
6982
6229
4381
7698
8892
490
10445
5219
7871
10998
7465
2330
10218
5546
4472
9063
10455
10256
8460
8103
2395
6120
2711
2418
11466
2061
6493
9223
2764
9203
9304
9718
2304
6160
3687
10598
8844
11259
706
8114
10057
7519
4866
4318
5659
1593
11572
3187
5919
2177
10688
6152
11800
6391
6831
1950
4060
2343
9697
650
10814
9039
2863
775
9125
6035
3993
6045
10272
6691
9526
861
5490
641
575
6633
5460
5786
5359
8958
10167
4538
6338
9131
49
9530
11706
1641
9285
4946
5627
1121
7317
4272
7545
10852
11507
5986
7064
10226
9844
7455
9930
10595
6360
6080
7755
3282
11678
8409
3111
7596
2191
2970
2116
589
842
7690
9828
11663
4536
10365
7760
10272
3791
6010
10574
6262
9555
5195
10321
8728
2151
1254
2830
7309
3589
4400
6126
6872
9717
6222
1053
10145
182
11513
4486
2249
4497
9586
2766
894
10939
11739
8142
2550
1254
2672
5980
3569
9141
5510
6978
3606
1234
1765
7738
1511
2896
7309
11465
11726
10363
1943
7814
3665
3155
4448
9108
2203
104
4687
3837
1518
264
8741
8434
7902
7845
9752
8725
8544
8875
8347
5294
11111
4787
8349
708
3196
8948
9865
7762
2857
7950
2543
3495
3593
6591
10664
6395
4422
1108
242
7610
2033
6716
10242
2396
950
11201
3842
5583
3246
3745
3833
929
4052
2339
3128
8843
7653
5978
11052
2172
6926
2510
457
6856
11443
4928
3124
5651
1554
9524
11493
9883
1069
4870
2133
5454
11274
2656
9540
520
616
8599
4059
7242
10240
3044
11189
6606
9179
7921
3573
7577
3396
3000
10079
10221
8792
3113
11582
5430
10440
10869
9669
7911
9857
262
9812
11692
1951
7753
3559
1063
1769
7921
7148
1278
7338
8634
5452
3984
2109
7582
2363
1108
11790
7692
8822
2736
612
8650
4984
10723
9034
204
8104
3819
11484
10365
1583
761
8734
6197
4179
2460
1032
5230
10393
8880
9777
322
4543
10590
10450
4514
10546
1580
5273
9398
1933
9597
1003
5893
7709
2715
4521
6434
11549
10837
3642
1254
3201
2102
10774
1428
10388
8827
5223
10779
2199
5252
4323
760
5454
8774
3881
1807
2949
2174
10212
11043
1753
74
2614
3298
4555
3374
6370
2976
2669
4142
11576
8332
1089
3656
4801
117
6356
11858
3963
10970
8749
5470
5002
1715
9670
8102
10377
10992
10113
3687
1700
10298
2254
5648
9887
107
11088
3666
5624
5191
7727
5115
11562
8022
6580
7548
9221
785
11129
6516
2223
9508
5110
89
8915
6308
11147
3658
5773
3981
3852
11731
11197
5866
3566
9519
3048
7626
10390
3535
9500
532
6050
784
3900
1752
6246
3666
11181
1781
2361
9468
6743
6492
2485
6582
107
1231
9295
188
3486
182
7564
3901
11762
7410
9188
4582
6865
11113
4342
7997
6689
1903
10444
1629
9856
4812
4785
6923
966
11312
8093
2967
6900
11124
6966
1878
1868
8230
735
10651
6592
7470
5248
11270
3401
8541
8232
3486
6143
5330
2606
7925
11258
2935
10442
3039
6317
1827
9759
8173
3024
597
1977
773
11114
130
9708
1079
4843
5543
8783
6260
3341
7973
2571
4654
1682
10755
8730
10324
4807
4580
1191
7309
1249
703
4632
428
11727
1236
2995
2223
11484
1667
7493
6346
9933
11444
3221
2460
7810
9805
2754
1879
11401
11610
7360
6739
7605
9715
895
8657
1629
2873
6020
11911
9302
5761
9458
5417
5252
10511
8442
3628
11246
9228
11253
4138
10176
6419
1532
8756
2042
2493
6061
3962
1051
10437
8951
4045
48
10598
3219
9982
6457
8115
10080
10037
2791
3862
3919
7672
9925
6593
1272
6856
984
1748
2006
6923
10594
9190
10939
6504
11857
1295
4488
4904
530
3569
4028
3564
3367
2266
8874
10538
1331
302
9920
5775
4922
8768
1105
627
6912
1451
4495
5540
8541
10156
7212
9156
2693
6097
1109
7558
6040
6384
8662
10056
7619
2676
145
7127
4603
732
2949
10674
5639
1156
449
6925
9595
10257
1979
4406
8104
9664
5644
1289
8700
9985
3997
9090
8378
10726
11014
2764
5233
2666
11997
2447
3607
1462
8562
11852
11505
11917
3531
8198
7095
9884
8372
8223
7320
5464
6816
3672
10664
7352
7321
5921
3469
5835
11932
448
7929
11124
3186
8873
5841
2125
11069
11465
2925
10431
4871
317
6751
7942
5602
11941
11578
7303
8614
4793
3982
5896
1359
6921
473
11981
2298
5017
4757
5644
3723
10258
5037
8518
3180
2211
3888
5891
2651
2059
6795
9745
11659
4828
4155
7658
1034
6002
1850
2578
1528
3707
10883
9890
7001
7295
6956
1730
1282
10918
8711
3024
4775
1777
3355
330
7833
8396
11182
5698
3637
9093
9485
10441
10595
5394
2483
9757
9390
10449
10212
91
6261
1543
11392
9333
1186
3409
11978
9388
7839
6440
10819
11776
2907
9933
10683
8105
9296
7526
2701
2494
1745
8205
5999
552
8321
9100
11610
4716
9764
8699
10366
4674
11584
7344
11117
9829
4206
2899
6819
750
7155
2736
4907
2578
5289
1379
11144
8079
2473
1061
8061
3720
8174
8526
7904
1705
244
9784
1701
1678
11197
10172
2286
6269
9501
2632
3978
424
3753
2672
8415
9428
5010
6238
1720
11863
8598
4489
11590
6908
7283
7117
6448
2449
7154
6159
9053
4985
1302
4151
11554
9927
10716
100
8776
2964
2544
8946
4860
11597
6316
10471
1306
6043
1537
915
1748
7436
3445
8422
5167
9448
8676
7800
4440
5788
391
6315
9572
10908
4981
8916
9845
7057
1010
4853
310
11923
7022
2780
5923
1393
1879
4315
8972
5483
6011
11852
346
1831
10619
838
9821
8857
5362
20
2718
11251
6292
7865
1739
6562
5786
11546
8718
6457
4083
6992
8283
5737
2424
11467
6566
7013
8170
2436
8295
10890
543
9076
4282
761
1943
5518
5603
770
10886
1170
10130
6280
11485
87
9185
8726
5021
5332
11456
2074
8419
9018
6296
5394
5958
3508
918
10179
9847
1213
6579
5819
1280
9899
3621
1641
5430
4498
1979
6368
3872
2977
10880
1156
11954
10768
1161
11683
6601
8892
9186
5419
11194
10396
10917
8304
74
7155
10756
3015
8302
5230
3342
11864
7794
7370
4468
1576
8221
594
8884
3761
10629
7292
11548
340
9999
2013
9080
10203
3943
4805
7921
11394
7753
10432
10482
3770
11930
7903
9590
5605
992
7235
9499
3133
8336
10428
5737
11648
11345
9611
11418
2384
4210
5101
5227
7914
1975
8021
10819
2026
6308
3873
3687
5534
736
9840
413
8462
4201
8584
180
9451
6441
918
6362
4078
9521
7582
786
6554
4398
5173
1471
998
11363
7129
7725
7455
3048
1970
7407
2705
4686
3802
3509
5256
6575
5697
4715
10734
2552
3209
10752
387
11710
3595
10041
7478
8212
9810
7085
11839
972
7837
2401
6119
8413
9895
8776
7772
9779
7685
11504
3946
9595
9270
2962
1329
1169
2030
4208
6253
5493
452
1806
6225
2247
3001
10719
7296
7620
7112
7789
10000
11648
5412
7340
1106
10913
11948
2361
253
5369
2541
10111
9236
2321
11365
9580
8892
9766
4606
1300
8820
11604
11013
7180
69
6683
104
10969
4874
10885
4983
3248
3254
6443
4846
202
10274
7985
1562
8996
11723
10039
5154
10620
6638
11009
8636
8002
10221
11771
11592
2083
5668
7749
4146
10623
9797
8696
7099
8138
11409
5227
8426
1944
6000
1194
6389
7511
7769
1500
5897
11940
3966
6062
7239
8864
7564
2060
8695
4154
2803
4601
6782
2258
205
10409
1714
5100
8373
7950
5172
217
10348
11825
8230
3468
5465
5612
4853
671
4779
3595
1502
428
2172
11694
6249
3784
5774
3701
4377
9055
9059
10221
10798
8276
4873
2362
8005
10682
8916
5989
6397
4980
1493
595
10096
10598
9463
2094
8437
9071
4794
9833
3466
10140
11468
9996
5734
2584
4480
4607
6680
6357
4284
6370
2861
7235
9913
3655
5765
10436
9079
8490
4814
8713
4310
8368
2483
11513
3044
5751
11938
9512
6603
4843
6027
10187
7768
4670
6345
4726
6018
696
8494
7046
385
5186
9956
7300
9558
1219
6124
5149
9585
6118
569
7976
348
9723
4726
7351
7791
5535
952
5291
7360
10652
7238
543
8963
7733
1263
420
10341
9697
11477
1753
2646
9218
3023
3581
9064
4310
969
6528
5614
2104
2899
1436
61
8854
10808
3553
4107
11290
7166
1613
1138
4431
10033
8219
181
2428
6050
10778
5719
10102
4183
6584
7221
8250
85
412
10814
10117
972
4517
9980
2889
989
9080
21
2704
1402
5606
6988
256
8268
3352
9320
6001
7116
927
2210
10223
5384
10451
28
2507
4745
6555
10034
4578
10282
11327
11616
11901
73
10034
6110
6778
11800
7606
11589
7704
10409
8218
9020
11854
8849
1623
4831
2986
5074
1629
3884
3153
574
9832
1192
10143
7520
7376
6261
4265
6240
10962
9425
2012
7253
6887
5526
9315
6825
1917
11047
7189
11265
1594
6270
4971
7573
10230
209
9017
4781
1968
3032
22
7849
11963
5731
6965
5584
4601
3357
5086
2073
195
86
9673
10420
3111
4049
1731
1225
1497
4241
11144
8825
812
9287
11068
11203
4099
9045
4057
11854
1062
7398
6537
6346
1948
1414
3076
9659
6770
7010
5519
10065
2029
7503
7274
5462
9129
1580
5871
4255
5110
8450
7665
3251
2626
50
10255
2669
4296
11022
1425
5509
595
10710
2344
3484
8734
2725
7569
4531
7689
870
6182
2026
9759
7816
6042
5417
11560
5316
5485
2877
8279
6175
10523
9818
2085
5325
123
11771
10673
8449
4700
301
9498
1423
10614
3440
8784
893
5408
10619
1402
10749
11848
11242
10605
7019
8922
7512
219
6163
6475
4328
8489
9571
6212
6493
10705
8676
10615
2953
11214
5923
6626
4857
11991
9440
9802
1944
2376
5333
5865
2552
7723
7988
6139
10369
4686
9756
3875
10198
11237
1437
4095
1041
5652
9975
4857
3089
3858
2878
1755
6914
671
1002
2830
10651
4509
10442
7724
11251
10845
7416
6155
11257
5619
3197
922
11104
6281
3204
5001
6413
8757
6278
2160
9351
3822
656
494
4297
6663
8053
7436
5754
6003
1790
7312
5547
936
7257
5815
4825
5735
9526
4042
1166
1404
2449
5438
4752
4423
7198
5588
4259
9372
10403
6272
4424
8864
1151
4852
412
4614
9258
6755
8297
7457
5402
10745
6808
4357
5553
2169
5866
7384
11040
5413
11410
1250
657
245
4550
1788
7432
11469
9070
11945
9707
6932
11576
8330
4449
10279
3715
4717
268
3996
7440
2698
11812
4078
1678
1470
1373
8296
2360
7406
8768
8818
7902
11912
4723
1733
5844
2333
8563
11715
6068
9932
7896
2322
4156
6584
2708
1453
6644
5365
6822
4179
5546
462
3532
2126
7670
4718
2781
5825
5972
6955
3021
6861
9272
6491
3499
6496
8486
10159
1442
7742
10314
6044
7564
8856
9352
8239
11365
10604
465
953
41
8056
10813
2657
5139
11045
11490
7641
2630
935
1002
6665
8971
5502
2770
9463
4235
3695
853
9602
132
10128
758
10576
8000
563
800
383
7992
9039
5376
9589
6038
4333
2855
11293
3448
11330
10726
1366
8737
10266
6113
10717
919
6559
7657
1327
6657
4226
6085
5960
11402
6999
645
2542
5858
7086
2636
5936
7203
1001
11448
4945
10397
2517
1269
11154
5429
3287
10406
1746
11777
9714
6360
4457
925
11650
1968
2532
3297
10805
9473
11443
9071
9551
379
3669
8199
9203
10010
10148
2312
8908
189
10985
8017
6513
5999
4115
6177
8028
8668
2788
10569
6021
10707
513
818
3454
8788
6658
3583
8392
1001
4939
362
4900
11206
10718
10986
1431
1734
585
677
428
5426
10472
7358
9786
10321
860
7089
8105
10727
745
510
11244
3127
561
8081
11241
2813
3238
2984
4251
1410
7827
10275
7246
7247
9593
6192
11699
3765
5903
4154
4130
664
818
9228
1161
11997
1407
9756
6034
3702
9443
8801
237
5077
892
11962
8297
4677
2301
7692
1514
9983
5134
2672
2246
2577
11570
1645
10674
9042
340
2769
11673
5781
2783
1384
3483
1042
9276
9225
5515
10569
9315
3877
8223
9671
8223
8503
11511
9682
5261
1534
493
5740
9565
7396
9468
2539
6815
5256
7578
1094
10292
9498
91
5386
6151
1088
7141
9187
2702
10274
1828
1919
6974
583
2401
3937
4709
6505
4381
3331
117
5132
7624
4488
10400
6205
639
6812
743
11393
8130
1320
1904
8027
11693
10252
1674
531
3517
2537
7962
6357
6459
1195
8026
3547
10133
1131
7206
1360
11363
3299
5350
3163
5099
1257
5274
9218
10799
5298
138
9526
3677
11076
5335
5150
9569
1726
1531
445
125
1824
1978
8379
8199
2551
5115
8645
5644
4417
4439
6036
9048
4651
11782
4816
7187
3898
3639
294
78
2473
10104
2078
8804
9908
974
9564
2489
10036
626
7304
2967
1382
11620
11432
2353
8780
5576
2911
3868
6723
11718
8298
11262
1622
4889
1999
3830
10655
4405
917
5074
670
10427
5004
2377
11669
679
3768
462
2854
4761
8577
3870
7694
2054
7846
5127
6811
5839
11951
7413
4557
2138
5554
6543
10764
6499
2851
11399
6893
2443
2317
7685
9013
7718
8175
3881
6640
11687
1183
3215
3068
4594
6166
7042
920
5564
5948
6948
5388
8971
368
427
10596
4752
4039
4585
8302
9169
6072
2960
7461
8795
6205
8832
11264
10493
1785
7311
3196
8474
9549
5692
3392
1643
8139
2020
2584
9044
11853
606
6793
7327
9603
3831
1150
8633
11641
10586
7213
6183
3260
2881
5250
5151
102
11648
10163
10843
9152
6589
9828
1176
8962
11756
5707
6199
985
550
2704
11389
3551
5521
4738
7633
5476
9435
5014
5667
2815
11868
9683
2477
9597
11533
11282
11574
11642
2713
3855
2000
1296
11952
937
8200
7013
11984
7604
6802
6528
5025
841
8977
8490
1637
4554
4233
3378
7899
7885
1602
3504
10984
5406
5407
11714
5385
5225
5192
10629
2302
2793
5316
4273
2573
1587
6084
7613
712
1419
1992
9245
4151
7549
9854
11813
8385
3891
3233
4823
4296
5933
2053
11205
1921
9739
11262
1792
1560
29
838
901
3969
4161
6771
4996
3557
16
4501
10340
10830
937
2911
9883
414
11496
1432
1971
4110
11952
11064
10452
1148
8364
10533
4672
11143
2987
583
7902
3660
4992
6674
901
5019
9586
5255
1798
10232
2407
10994
11010
753
2944
2179
6668
4064
9339
7602
8646
3258
5241
4036
6068
9308
1347
7078
9032
6901
2014
3332
927
4988
9047
2678
3675
3269
6018
2856
5966
2932
8591
11417
3808
6215
8211
5389
3269
6660
8339
8284
2031
860
1606
9858
405
7253
6367
1735
625
8924
514
2740
9496
3634
147
259
7716
4924
2606
7386
245
9559
9304
10944
192
6596
1328
11933
3663
7963
7012
9818
2556
4180
918
10609
10515
11524
1810
879
9152
9190
5614
786
5609
838
631
11079
8874
5096
2505
11495
9259
3788
10267
8913
1353
3813
6211
8330
9744
11095
9938
1087
4669
6490
978
6386
1478
7336
4633
1782
8021
11204
8071
3525
8873
4869
2442
3809
6647
4852
10917
10151
11128
2126
11448
1040
5077
5651
912
7592
4421
11041
134
1178
10117
4947
3600
6289
8093
9389
1137
4505
580
9524
797
3572
11536
9700
214
948
9650
3022
2767
6709
10426
3679
7519
7951
779
10591
11885
1560
1005
11422
1353
7600
3063
7894
5562
7834
1228
4748
6769
3336
444
5209
7232
5975
725
7441
3988
4024
1107
9712
2850
7220
5978
8754
2783
2612
5277
2951
8251
7983
8182
4255
11827
3570
4334
6494
3028
1834
6048
6845
3273
6126
868
8110
11201
5348
2665
5929
10010
7325
5186
693
2787
6152
2812
3713
11995
5957
9085
10245
228
8688
1990
2694
10278
10575
7504
9199
3432
5235
9367
30
10504
5649
8342
5897
388
53
3142
7348
584
8737
6045
1498
1041
9772
142
10543
5778
5888
166
11316
5329
5785
5388
2161
11280
8687
1887
4564
2825
6475
3810
7254
3119
9916
6644
1108
5899
2108
3618
1204
1540
10981
8665
2984
1861
2936
7260
1022
2874
4940
6903
9040
1301
10618
2584
7174
10045
986
10068
6644
7388
10093
1829
5221
6417
6869
6293
4349
9064
3661
2276
205
743
10785
7467
5891
7403
8594
7928
9730
1104
5676
8175
8165
10843
6735
6135
9152
10445
10687
3382
6861
9833
214
10740
1508
8810
2149
11748
10102
4576
6980
8375
5783
1875
3158
11288
6282
10424
6711
6339
2941
109
4031
6653
2418
9296
6553
11747
962
3175
2122
664
2105
7137
11760
8676
6457
7553
4648
9065
2799
8528
3224
9771
3122
2783
5366
7908
6212
11216
951
11686
4247
440
5809
1673
4397
4352
2995
6320
5291
11610
11146
3997
4126
11281
7587
2992
423
5948
8902
5428
6220
3935
11207
561
10760
8161
3536
3300
2696
6169
11852
7586
5713
10436
4538
10276
5670
5785
9156
9808
2092
10160
5979
2659
10095
1793
4526
11216
6169
11791
2216
185
789
3414
8470
2848
10052
3501
2264
6774
1903
1279
5980
7663
10813
1918
6471
5449
5784
11913
2829
10090
8916
1381
6887
3970
4582
11774
1835
6566
11904
2123
1094
4238
11970
9105
11295
10969
3326
4324
7431
10373
2462
1526
7827
4909
9021
6379
1423
5620
10300
9612
719
10712
9510
174
11125
10916
10937
1127
4650
4849
7924
10636
8636
4342
4438
2919
2550
11734
1312
9498
6141
10872
4719
6126
5794
2269
6662
8929
7579
4406
10907
8705
3619
3407
8460
4496
3763
2667
2549
927
3032
6515
11575
6320
5480
466
2413
11224
7763
6896
6556
10780
582
7678
1092
10724
683
4768
8460
1791
2835
5711
5164
10846
9160
4079
11053
5866
2503
10125
6819
8996
4381
5960
8847
9828
57
9957
10828
66
9870
9975
7991
326
7237
3100
148
10519
6406
10277
998
3567
11999
6398
3258
2190
9886
2966
4938
10395
2012
1644
11821
11891
6602
1408
5712
1788
5107
4269
3824
3675
3701
10025
8904
1255
2716
1096
10599
439
471
10522
7595
10036
8523
1009
10850
4795
2418
5099
1841
9245
4476
10610
1441
10833
11938
2870
9520
10952
10674
10173
9863
1612
11274
9283
11001
168
5779
2046
3251
10843
8127
615
6721
10965
10923
2523
10947
4979
8077
6112
7661
3381
3331
1898
2163
3917
6972
428
109
6278
1952
7275
8627
10140
6693
9412
8576
10731
90
3061
5828
10390
24
1661
11494
9051
3604
7513
8689
7483
5750
8236
5317
10230
1680
8426
4189
8964
8705
3322
6767
1341
11741
9786
2183
2719
9401
4556
8658
2508
5153
4908
9847
11724
2608
5047
698
1092
2966
11239
7387
1867
4705
579
7885
2495
7885
8699
11401
8773
9744
4766
3360
81
4554
1075
5939
4476
3733
7006
11144
10264
701
8229
1912
7631
5087
3225
3137
7186
11449
9483
11483
9546
4946
1474
10104
4666
899
4572
9421
6913
11445
6969
6021
3810
5003
3055
676
1690
6345
5545
10679
5461
1370
10733
5409
11885
4298
2191
9499
737
4610
7254
1701
5643
2903
2999
3828
3082
5493
2360
2502
8720
11935
4372
9487
9215
4180
11063
9098
7599
8673
2996
159
10342
2484
741
962
8211
41
1851
7897
145
3097
5777
4174
4774
3274
3676
11866
8044
272
6387
4531
10486
4440
3789
8100
8320
8660
8510
11327
9581
8655
4813
5878
1033
9060
1822
8370
417
11131
2557
9306
6245
5409
1288
11065
11777
6318
5465
1499
3602
8994
2017
9904
2802
10263
6996
169
8399
1638
5151
6084
11945
5026
7093
1464
8058
10044
5072
10578
4523
8033
5659
11706
7530
7672
230
802
827
11170
8585
646
7747
7044
6878
8883
11022
3466
11874
1465
10766
4318
7587
1901
4576
1814
11173
11576
4451
5411
487
8784
1578
335
5626
4950
4088
4201
1080
11697
3752
5906
2389
8998
10384
1313
2162
6118
5187
4331
1409
8196
5296
3559
2798
2932
4589
1528
6582
1220
11056
6738
7519
61
1194
4104
9368
11766
8957
969
2454
9526
10716
3289
7011
253
11131
1484
11173
5281
11530
10877
7727
10762
1470
8716
4502
1043
4080
6426
6702
11295
11304
4517
4228
1393
820
9478
529
8524
8901
1376
443
5435
7639
7481
9421
2407
5488
3767
2892
5354
10155
9503
7971
4984
3145
854
7371
621
8536
1415
8310
8459
583
6351
8115
6114
675
1092
2997
7084
4956
2817
3041
8758
6696
6680
5305
10064
11533
7225
5619
6083
8883
10046
6047
481
4323
9745
2646
6599
7447
6453
295
5228
3926
10138
4718
6527
10419
11214
5369
887
4636
140
9096
3554
1074
6143
7365
10099
6872
6547
448
10252
7031
8903
3384
10269
2052
5588
6809
11316
3829
8217
3562
3105
10147
118
2471
3989
8424
8995
10753
2941
10617
2017
2244
5011
8105
11594
9780
6649
7762
4002
6469
9728
7602
11158
1680
99
9864
11698
573
357
4177
810
11158
11817
668
8518
8043
8228
11383
8092
11068
5933
6954
6907
6777
1220
10538
5014
8039
1325
4140
5607
10750
7138
4816
1241
1966
1150
7862
3671
11528
8776
1672
7385
7584
4529
2798
8749
7925
10008
3320
2631
3372
10244
10958
3231
5305
9388
9487
7773
11649
5226
111
11053
5328
5086
4522
1536
8813
3852
10536
11878
7576
2852
4540
5379
4113
4925
3332
7619
6748
9384
5313
1542
5517
2318
492
10323
8721
7547
4452
10487
9134
6174
3527
6914
10878
11942
10068
3989
519
960
9802
11141
9548
724
11067
10565
4332
11452
9435
4396
1259
5304
1783
654
8656
5173
2219
1689
4188
11772
6667
5033
5690
5872
5255
206
4786
340
107
5196
10330
1636
4007
3850
3320
919
8594
9651
1926
1183
201
11938
9603
6210
3968
2330
1780
206
4438
6010
7425
7699
8459
4014
1835
5925
2829
9338
6733
2979
2466
4847
10551
9135
3821
9566
6870
7847
8813
10042
9645
8030
4324
1855
10859
574
4549
8159
2995
9368
4055
8548
11378
5678
11349
14
10831
263
6030
2935
1629
2983
7463
4583
1599
11144
9720
3815
365
4269
2568
2390
10377
11631
9840
4208
4121
9851
9469
2011
7531
2060
9441
657
1766
6705
280
8308
10742
5357
734
74
3101
3224
11873
8335
3484
9257
3065
11148
605
3088
1088
1484
1527
816
9168
2061
10308
6766
2546
2864
4605
5447
9417
9712
2440
10090
8359
3475
5157
4369
3390
11795
10821
2457
4006
3304
4427
401
8322
10444
4144
9395
3064
11930
8809
6590
8233
8807
8557
7093
2806
7034
8436
3496
6832
11699
537
2508
2059
887
900
7458
2466
9893
10958
1447
7428
5257
6064
6570
150
4358
10523
10308
5102
6510
9084
3315
7807
11643
11601
4879
9438
4428
4227
2017
6977
4958
11584
71
10133
10923
7570
7656
10304
1707
9540
7690
2251
5395
1065
3561
6577
2667
4544
7081
10024
10766
9686
10958
1177
6753
11489
4209
10520
5607
2887
3138
9184
10345
4621
4724
8748
4632
6313
11965
8994
904
3063
10831
10255
4121
7806
10266
8343
11634
6655
6521
2314
3305
7859
6946
7569
10770
3575
1722
795
4517
10014
9551
1252
1000
1160
8725
7961
5554
1134
4723
1004
3997
341
6789
8879
9227
7817
7789
2558
5747
5424
6676
7518
5626
76
10844
9655
875
9342
2139
8145
6387
11854
5943
6474
6324
4522
8742
325
10156
615
3139
1847
3347
5624
1055
9030
11542
5215
10639
5133
7127
8255
9607
3735
10258
4186
6887
6573
6946
11583
8535
638
468
1875
11863
1493
6486
5581
975
3524
11831
10863
2745
9715
1667
3541
4926
4118
8305
928
9403
792
11770
5952
6533
3186
2417
11442
503
7048
8106
11266
5388
9124
7822
320
7290
2524
2557
3843
4955
10314
9530
9000
6537
11045
7234
9066
5975
10210
8949
8417
11137
10470
10051
1873
4193
5626
11279
9234
7988
6719
5323
10865
3914
7551
6892
2130
10816
4753
11297
3285
11182
1441
2766
7649
4043
7536
6613
8495
8397
9168
9531
8196
7006
1102
3716
7182
10162
437
9110
5715
6515
6513
7826
71
5335
6020
5423
7497
7949
1867
10374
5872
6159
6341
1606
8186
7959
2838
11253
7801
7352
2669
9588
3143
5169
9512
7014
4668
7845
5023
8020
10058
843
2519
4262
9166
6681
4627
7096
1264
10849
7009
1669
8777
2443
10805
1156
8284
6121
2941
3960
6579
725
279
11051
619
90
5630
10427
4334
4091
1536
3162
11086
6588
5608
863
8048
3590
11787
283
836
11236
2784
10889
6348
3487
10542
679
1284
8461
1644
11477
8779
5463
8277
5223
2184
7800
3686
4782
4714
3652
970
2732
5414
5472
9271
7646
9171
3155
2420
10926
9165
5450
3527
4784
4945
8806
2077
623
1631
6470
197
4221
10576
1202
4067
7468
598
4406
3096
11027
3608
10372
7690
7467
668
11978
4136
4076
605
8369
11209
10944
1659
211
5688
11512
173
4046
11534
6863
10594
2946
11321
6143
10896
1313
9471
8669
7019
8911
7908
1669
670
10293
3339
2831
1161
10332
1411
11613
10295
9788
4060
7950
4533
7221
6691
5419
1572
1976
42
5087
4521
10720
7031
9154
5428
3935
11941
4747
5704
3624
879
11417
3524
9019
9067
8707
2522
7824
8418
11584
4681
6675
3937
3199
1651
10013
6520
5565
4176
8374
2577
4523
340
946
1213
956
1188
5482
11487
10725
1742
5243
3171
6770
5971
4395
5474
6228
9726
4347
2459
7349
406
9962
4787
3070
6234
11400
11420
3598
3298
12000
6465
8748
10163
6742
4697
7103
6798
9201
1649
11659
9698
1055
10332
1290
2198
10638
7124
6836
552
4150
9258
3817
8262
10434
2878
1145
5531
5879
6197
905
6292
2549
4737
770
11719
1326
728
7159
9428
7264
10524
2594
9636
11097
7533
7469
10488
7185
7480
3420
9853
11580
11013
639
10919
3571
5429
410
2587
3690
2061
2180
7074
6328
11512
2734
4151
7034
11766
11916
4406
4498
10190
9159
5713
4143
7922
2031
218
401
4278
8615
3240
10445
4210
3700
4441
6441
6988
4632
853
4538
823
10956
2093
6598
1624
3069
567
4949
11614
595
3719
9292
1963
3053
2737
8839
4346
3140
10492
3669
1928
10477
4305
5015
4223
1597
11457
7702
8755
5393
11076
2499
2163
5571
5065
7317
9939
1323
2888
7646
8656
4984
3302
4023
6756
9950
1279
8061
1372
89
8278
6080
4695
4028
7718
11474
8375
1341
9881
25
8482
3951
9498
589
9846
6032
9969
8358
3850
8672
10879
1735
4765
9790
6157
9733
8895
8515
5359
7954
11490
9018
11609
1405
3850
11478
7504
10055
11677
1518
9764
9857
834
11106
3750
1462
9714
5548
8573
11890
871
11525
7819
1271
4605
2050
730
5365
6943
9857
677
3849
5270
11464
1689
724
4315
6763
1088
5046
5722
9859
1926
2063
1989
7769
6291
3531
9446
20
6358
8710
10246
3753
10010
3441
2978
5476
2892
10437
10217
7140
7537
5087
765
4826
1952
5800
5737
4554
4045
9485
9098
5314
10962
49
3511
11315
4704
7805
7035
6441
476
9145
4341
1070
5383
2171
6319
9011
930
8155
3233
6099
8313
6137
10856
10487
11669
5643
11059
11216
8850
5005
6116
3844
8718
9455
9760
4515
2619
1915
1982
5592
10468
4504
7016
6146
3951
9901
4700
3853
10028
11492
5513
4076
5371
10267
2781
10305
10499
878
7178
6104
6574
9909
2471
9417
9103
11204
10229
7657
6656
8512
9317
8487
10319
9790
2826
350
6308
10917
10464
834
10706
2885
4720
9017
6489
5157
8572
7373
10320
10373
3437
847
11868
11572
9704
9419
9243
10142
11406
6196
6342
9195
567
10405
5733
968
11904
589
4189
4034
5717
940
6624
8427
11274
7691
8007
4478
9765
9487
5038
8938
3391
8234
6895
4239
8925
693
1137
9723
3567
414
4536
9749
11334
9363
4283
4802
1207
7933
36
10016
3034
9021
10818
4732
9597
4931
11366
7528
6207
1352
154
10367
9698
8611
5031
5518
5708
8463
1919
8409
6164
11554
6228
4227
6390
3963
1593
2753
7339
5814
11326
4564
7968
3474
3062
11123
4710
10690
677
1533
1025
4686
8786
4606
2514
8737
8788
6018
7076
3876
7057
3293
7892
10889
8430
4091
1037
4131
6520
4398
6776
10259
4957
7360
8658
9107
2021
4611
3589
10578
3086
6971
4503
10572
7434
1433
4674
2124
693
5691
5632
1494
10181
4137
7235
8580
6337
5015
9167
2886
6137
2685
6139
267
3466
9843
7703
10919
8998
3955
9273
9876
7102
8117
2125
11724
2218
3796
5304
6310
11934
10145
2274
10238
911
5933
11945
7583
6925
8883
1212
4063
7116
10456
9775
8935
7652
5386
4202
4234
5049
2642
4796
1727
3262
4275
3648
1582
2619
5778
3399
2331
867
710
7113
11784
7411
8578
5568
1560
7285
5319
2943
4703
9868
700
6889
9313
7024
5044
410
3648
4659
10938
1404
10216
4171
1298
11871
3443
2620
2114
8663
4058
617
2840
601
11263
11076
24
674
1633
2287
8412
838
3055
6126
6424
3294
10425
4314
4636
7261
9722
3234
8272
7413
6097
3341
4481
10302
1473
1366
5383
4189
9976
1711
4728
5598
3168
9703
11950
9021
11825
7092
1453
8781
1474
11651
11308
11995
8720
750
929
5335
1552
5862
459
4882
478
11525
5404
423
3407
11457
11929
8991
7880
8485
6730
2453
11673
5743
11836
4532
1586
285
6031
6978
10224
5197
1395
3692
750
10925
2214
9872
5692
7081
2792
9283
4789
11382
8964
3495
5130
864
5811
10614
373
4908
1480
2317
288
7500
8046
10039
10550
6097
2674
3377
7355
8
278
8830
1629
6654
3275
11460
8102
11663
7954
9220
1414
2349
5
8180
6472
385
5372
6768
2804
995
7161
193
4864
4120
1906
1771
4706
6891
1272
489
2548
8886
11188
961
3307
10440
7701
10886
2464
9243
9697
1852
1557
1245
264
7659
1598
4939
1002
11636
4125
3449
4636
6432
11698
2238
1711
1858
1752
6743
4678
4932
10446
2707
3996
138
4983
10626
8934
3079
10004
7602
2869
8599
9287
9552
9842
10814
10012
2279
8231
7433
432
543
7516
8094
8871
10285
7978
6215
5754
5751
7032
1685
5821
11700
3245
9856
3796
9208
10194
9334
9065
9211
8852
4430
10008
7727
9347
993
3106
8747
7075
1111
10477
10301
8551
8058
5745
8226
7681
2316
2737
8968
7394
3533
9
9116
851
5305
4017
5706
5963
1437
2803
1248
401
3208
3453
7259
11045
2982
6143
10768
7302
4441
5036
4555
7420
332
4042
6140
2561
2376
649
6067
209
11572
354
11769
9362
842
11923
5679
3051
8915
855
8176
7201
