1236
11231
8437
800
8900
2423
5088
5068
1174
5509
3565
7143
2008
7233
4921
8442
8443
464
1628
3504
10060
5927
5524
1822
3183
3783
2230
11113
1644
9416
9292
474
5405
860
3765
950
8392
8100
10291
7457
7
9398
8186
3790
11828
2056
5859
5158
5811
6019
2567
579
10295
6877
11678
11595
1308
5632
10616
8710
6760
824
1133
10442
5412
11889
7339
3173
1913
2057
6826
671
2788
4221
5992
2612
7310
1405
1871
6912
5267
11039
1523
6411
1486
11586
900
7347
3547
3021
823
11659
7153
1129
6124
10190
3851
4154
2595
11179
6010
7828
4406
9943
10986
9413
7971
5634
7512
10451
10110
9499
7874
7874
11802
435
10684
8076
1760
2511
5022
1180
4963
3840
11702
11704
8936
3397
9152
4711
10148
1476
5534
7701
717
3242
9702
1347
6025
1559
5548
8061
7916
7459
10918
5114
2320
8343
5934
3252
3864
9471
9955
6337
11190
11855
9597
11087
3797
11029
3253
6833
11180
3320
8345
10270
10040
6871
10875
7852
9287
6275
11421
7078
1697
10304
1750
9283
3694
7110
9525
1586
879
6154
8707
11224
7439
5851
7591
4365
4140
6278
714
8199
4242
7321
5595
3704
6587
5563
5358
5107
11538
10980
5615
5885
10793
9037
8319
10023
4498
2983
5799
10546
7409
3194
2580
222
9729
1471
2572
8129
8013
9992
2681
10041
4546
5195
3812
9002
3878
140
2113
3413
4425
11258
3605
4554
4807
2736
2716
1580
7958
3965
6723
8863
8410
10829
7558
2730
7615
9600
3434
8786
1482
4561
6294
7235
5133
2890
4213
7667
833
11331
8768
3822
10713
2367
7133
6178
7234
1559
8946
2834
5167
9960
3793
11421
4585
6122
7694
9439
8567
10048
7325
11052
6735
2650
10600
5709
1943
5311
3705
7477
5302
8196
2579
9519
9458
405
34
6542
1477
158
887
10574
10617
3991
2161
289
3730
11703
10275
1077
6562
5992
6844
2603
881
3571
3076
1851
532
4069
1698
9520
9032
139
4396
11830
4752
2171
5201
2152
9520
3046
6595
17
1554
632
1104
4607
5703
7522
11792
5955
3707
4230
11620
10329
7926
3544
5489
1235
9046
2486
11670
7419
539
6226
10336
2036
6152
6186
2549
6373
10407
11902
4909
470
1525
3729
9418
4248
10988
720
7816
2427
1971
8419
10475
11333
4969
909
8594
1465
3652
9734
5119
6426
4945
6659
1751
879
8665
11246
3431
4158
1723
9770
8639
2928
4214
3693
5737
7767
11596
1218
10383
11821
1351
10837
11507
3294
7933
10751
4991
4454
5178
5171
4996
11170
5006
299
1371
7282
5846
2716
2280
1008
11009
7435
9943
11988
6892
5500
10729
9176
9091
2235
11159
9453
5562
2076
5815
7234
2568
10938
1190
11176
8212
10876
10566
4330
4883
11853
3749
10638
6688
10242
10579
4159
976
1985
37
8770
6274
7308
11032
4643
4351
7717
10010
11988
10164
11021
7021
3041
4877
6993
757
668
5871
252
8921
11149
8279
4628
4105
11267
3021
3545
9717
5541
9867
369
57
1683
7979
8388
4946
4511
2471
1861
9109
1249
5262
6046
1032
3530
9165
7204
9730
3053
2566
3075
6417
1683
11543
2033
7365
5609
8483
8590
10872
7076
5594
7379
10939
3721
4759
1539
1530
5684
7040
9324
5389
5302
186
153
9705
10433
1977
795
6066
2912
3846
725
4858
6668
6442
7345
9245
57
3521
3951
3424
6809
433
2397
4806
7243
92
7529
964
3116
5554
5749
6414
7528
6970
10268
526
3742
2734
10105
531
10092
1299
10093
434
4757
3548
5150
7637
9293
2793
4363
11816
8318
10102
9739
11161
7424
9022
2957
8087
8960
687
7925
10016
3084
2749
7290
1954
2878
823
2530
1616
10988
5112
27
5761
3624
3881
7416
8645
3492
5303
5662
2816
11423
8663
11644
9500
3405
2698
3092
6737
6337
4455
2267
3810
6880
7674
1263
10426
5201
9750
12
1311
3259
10996
7754
4318
11723
10929
11834
6437
11574
6226
8902
5705
2893
9484
8512
32
4355
1708
2831
3261
10311
8355
10573
5423
6360
4792
9988
5607
8347
11402
2401
7496
2782
6289
1005
11998
8378
7156
5478
3639
10247
10775
3982
8752
2556
826
137
1544
8299
876
7688
6119
5593
5337
2569
9660
9089
3686
8167
5083
10855
7476
1767
1888
6975
10662
11421
1861
3607
6192
6396
10480
5815
5268
6330
10012
9178
2559
6189
8522
6312
7544
11149
2661
1329
1168
2206
5318
6207
6781
5
4932
4144
11139
11076
3913
4481
7064
10834
5187
3088
8094
2982
5425
5546
8607
4391
4665
8800
794
631
8134
7494
3090
4171
470
6390
4926
1217
4122
4568
7175
7394
7742
3486
11033
10861
2944
1226
3970
10118
7974
10616
6984
2579
1618
2492
11064
1824
11604
5673
10704
3979
8012
4600
5236
8692
226
2447
4636
769
2366
10043
9851
4364
1449
450
6807
9080
4229
8831
2697
2575
8192
7712
9777
6097
9867
3062
538
10026
1277
3416
318
10431
1758
3510
4168
10577
7025
8376
11697
1568
3377
10326
10282
6433
6565
8694
8519
6981
4611
2100
10615
4235
11078
10260
684
4320
2969
7340
6723
6892
5369
5237
8161
10721
318
6057
7207
1287
7095
1266
5736
9809
215
2088
1368
11629
10692
10046
270
4727
11334
6170
2469
7863
9421
2044
10695
1902
8821
9562
1895
8274
5610
10259
6084
3031
8841
223
1069
2987
5557
55
503
1463
2263
7751
1296
6752
10953
7350
2542
7620
4060
8019
11617
2122
8480
4617
831
8676
7214
750
1046
1177
7256
11971
418
8557
7287
413
9964
7537
10532
10711
10881
538
5807
10246
3842
3911
8667
902
2752
3627
6325
461
2070
1867
10474
9244
7086
8535
11177
686
984
969
2520
10437
3985
1716
5006
1903
10578
7641
7690
2736
11057
10492
3565
10110
423
1823
4623
10931
4286
3610
8438
2271
11627
11565
7001
11292
6664
9997
4249
9453
10065
1380
1489
3325
751
5966
4456
9373
66
7533
3272
8413
2061
5966
1749
2679
9304
11979
1676
10261
7278
6266
530
8201
993
8338
7971
1996
2146
1617
10060
308
7962
511
9476
4112
10772
10372
7135
9263
1415
10036
4618
4885
8328
7093
6178
4211
1486
6033
1579
1149
1274
10258
10927
3364
9283
7781
1530
1255
11896
5329
5840
2259
5234
4354
10432
5223
4480
3786
9128
2095
2265
10705
11271
2278
5050
8012
9577
4454
9518
5721
5607
2995
5415
4689
2662
9160
10569
1861
9788
3331
5198
7103
10584
2307
11057
9589
566
819
2677
9077
10631
9679
8998
7861
773
6428
6075
4881
1573
2731
9461
10701
11544
1409
4729
1830
2623
5794
9043
11369
9180
8047
607
8819
10804
927
507
1326
7562
1817
11751
11192
261
5333
405
9129
4808
11168
15
10818
5295
6477
9773
10325
11628
2976
1718
902
8364
5645
3235
8315
2409
2312
5955
9003
933
10049
1787
6
3276
6786
11177
9517
6292
8179
10019
7981
6372
11344
10193
10096
6783
10936
10765
2759
277
3374
753
10335
6125
394
6720
8664
2310
3844
2263
10881
8840
7315
2290
6760
9577
10961
10612
3597
6197
209
8508
5488
11302
5867
11256
8686
4877
9072
146
6267
9599
7552
6824
6032
3009
1120
9876
5361
2112
6506
2277
7294
5173
4389
4246
4289
3080
6431
7502
94
10415
3193
10730
7019
5072
10900
1
4991
2635
7353
1968
7244
8549
7717
8627
2467
5884
5106
1670
4624
921
11846
6070
4951
4648
8003
870
5860
2426
6321
5802
8162
2311
11531
4028
3442
11232
954
4747
10330
1338
4683
7068
9839
5654
7742
11303
8956
1731
9711
967
4897
80
7434
3736
2228
1746
1868
7493
2395
5281
6506
8636
3113
5769
8714
3061
9868
526
6253
424
927
2383
4739
674
6791
8326
6804
1985
2048
6144
4506
1737
3534
3208
3163
2930
5605
10118
11929
3312
738
11883
3787
10648
10522
11091
10562
2821
11235
6133
8119
6472
11403
6111
6987
1401
10205
7135
7541
6638
523
2442
6932
8973
8968
528
7277
2541
10948
4163
4003
1540
3788
4896
8776
10179
7537
1001
4287
8782
1446
11223
9683
5744
8001
2996
41
6106
9898
6572
2509
8417
498
7527
4927
2616
2957
11242
11672
8163
834
8798
2415
11825
6976
991
10062
1374
11702
6499
3991
10396
11236
8756
3438
8795
1449
9773
11355
2598
2980
4530
1399
6728
1130
813
5198
5614
9976
2171
7976
1459
4852
2442
9246
5402
1559
7201
5802
7283
10988
7970
4818
11969
158
7258
8246
2720
5900
4032
3245
2580
4653
10505
11836
10520
9034
6740
6105
6564
8672
7057
6554
5686
11457
3496
1983
10426
7666
1701
10592
9601
849
9459
5528
2643
9085
4817
7407
5134
11619
8241
10907
5488
8117
5466
1649
9212
1992
6469
2081
5554
5533
697
5108
7684
1393
7446
1455
2486
8976
8559
9037
1992
5807
9020
1736
10584
1762
2951
2781
4113
8470
5862
4633
7976
4764
1146
2493
9852
5502
6688
2299
9176
4267
11865
6088
8504
4928
869
27
3660
8218
3484
1806
2175
500
11632
9451
1684
11349
11992
10916
4694
1963
1969
7444
4308
8538
2176
5755
11683
5078
8198
6056
11084
11737
5891
9818
3220
10269
2553
7382
8523
1247
1783
2607
9702
7290
3850
3511
2236
2125
5976
7209
10037
1044
9133
3981
5561
4341
2703
4759
9520
9515
7358
10055
11387
5969
8141
10547
2537
278
5020
5271
794
10516
11204
6937
10730
6489
11253
4210
3304
10778
7424
9046
6788
2680
9795
10919
1030
8609
8670
789
5129
10617
11683
11227
8156
6368
8455
7748
5467
5558
3884
84
10140
11718
8151
4229
6855
11154
441
4697
9289
1443
11493
3182
3713
423
10522
765
4810
8754
11294
815
7889
5638
1461
7562
954
3642
4123
6218
8166
8396
2441
9097
9711
1718
2565
5543
9046
7445
84
681
5854
6676
1191
10698
3919
4593
7075
6950
7859
1367
3138
11511
9561
9380
10002
10014
10953
405
7365
3909
6893
7102
10205
4764
11257
1993
8994
8056
11166
4479
2271
3508
3560
10413
1047
10325
711
7379
10319
9590
5355
2472
3269
968
3413
8286
1668
2299
3644
6089
7088
11603
11006
6725
8199
2350
8040
8541
3267
4746
9076
9060
6669
4473
11454
1095
8641
2151
3043
11799
3410
1825
6494
6167
11362
9898
6391
8666
5478
4236
5336
4872
4582
8089
10556
9933
1382
4655
2369
5774
2068
7824
4964
4004
298
1569
5194
7504
7652
6653
7648
8397
1472
2741
975
5684
8295
11686
3519
5034
2020
7450
6468
4989
6312
5546
8270
8378
9587
11022
5885
3114
5990
873
80
3824
1042
10651
4422
500
2787
3627
7126
9446
10788
958
8166
2374
2881
2405
1941
10108
5236
5440
9294
10932
4520
5950
1902
355
11476
9089
10116
748
5497
2170
943
6006
6420
2080
7015
9724
8443
8339
10358
7596
1526
1511
6723
4380
8611
11938
1550
11982
4808
8254
2869
9263
11642
7678
5549
1181
1365
3995
9540
6318
7072
927
3351
9757
11044
1100
2948
7374
9129
7092
9931
1206
5185
11887
6189
548
10055
8325
4654
10
7409
11046
1215
11449
9112
4795
2285
4322
4713
6332
8331
541
5083
4725
1865
3061
11217
9916
1745
11890
699
6016
4244
6235
2489
2860
6804
8023
2583
11943
833
6119
2099
892
4557
7949
8578
9718
1407
7260
4591
1080
9738
2469
3497
1520
3934
2377
4800
5965
1173
10236
511
9874
2633
697
1654
1205
7409
11076
11161
2676
6358
11514
6927
1495
4687
6140
8450
4313
11470
1511
8232
10825
11728
2495
9427
1071
11598
3464
5054
1206
11184
11858
1451
6072
6808
1804
1002
10382
396
1158
8792
5853
2560
3641
6505
8607
3040
4918
2841
7558
3570
6206
1977
5822
6435
656
11577
5055
2887
3913
1738
1828
6387
2422
9946
2230
4968
839
4279
1677
8400
9114
4640
4345
5713
5865
8197
4285
8657
3721
9389
5280
3615
6528
3234
837
1418
5853
5354
7192
815
2454
6070
25
132
981
4551
480
5758
11657
1510
860
7073
4977
11340
8271
4090
3249
9762
11523
3693
7522
1224
4223
6115
10538
7192
5178
8708
2013
6402
1127
7942
11382
6244
323
7582
4224
4644
11912
10780
7981
11023
6701
7506
287
9022
5911
2541
10473
5832
5348
10225
7651
2535
8901
4968
1684
6545
660
5547
6473
2098
665
2403
572
11036
10202
6867
8038
6044
2099
5067
11742
9366
11352
4966
2452
11595
5170
2715
3400
10323
8299
10238
8713
10623
5596
6009
11106
11863
8562
9762
4936
2294
7057
8467
4979
11030
10207
1003
11436
10491
5253
7523
317
5686
1537
2565
7864
4806
2840
10328
6881
9682
1435
10688
273
1081
8918
9014
4441
11540
959
1154
7607
1195
7698
9026
9836
10285
8364
10829
8162
4657
9912
11560
11412
6824
10790
7836
951
9850
4880
2076
10915
8294
10539
3393
4283
892
10320
3238
4203
6527
1996
2012
10124
1077
236
5307
7808
2443
9844
3524
7955
11841
9031
6169
3307
6166
9185
11771
3982
8868
5556
1488
11290
504
7855
105
9389
11688
2597
2993
6186
9345
10255
7871
7203
783
6442
6064
1148
1047
5987
6271
2420
7759
9380
5786
3103
6502
1543
3594
4326
10120
10539
4993
6340
10786
5262
2653
10633
5880
7990
2174
9319
9870
10095
9625
10614
3002
8425
1626
8501
181
7756
8670
5042
2221
6266
1054
6801
5238
7610
3991
10828
4689
11099
2112
11596
4057
1092
6626
9454
10836
10021
11882
11083
12000
11641
10607
3387
3969
2378
839
7537
11199
8905
10774
11799
6781
9339
3789
11374
7252
5736
8427
1754
9219
133
11053
10080
2502
6852
1525
5419
1217
4005
4289
1311
8850
446
10062
9888
11841
2916
634
10714
10720
11927
2461
10509
962
546
145
4101
4344
1387
3978
4681
11470
721
3701
10143
9005
11602
3763
1207
67
713
2428
11915
4132
7556
9835
3297
10776
3985
8601
8385
5656
7714
7246
426
3300
7407
2920
8349
9155
4086
2143
5828
8260
5898
3441
5061
9325
4343
5656
28
2180
4697
7754
9689
11586
9487
11448
257
1692
2603
11603
2687
2442
3882
8732
5505
4010
6774
5708
8973
4849
11287
6806
1922
9062
8617
11668
9824
8182
6779
5257
6408
5986
5761
3731
5989
1764
7201
11690
2798
2858
3184
7984
11136
7891
5400
791
10390
3173
4640
3718
11110
3626
4464
9472
812
7733
11408
11824
1801
9961
3840
2312
10938
2539
6529
10395
4548
6184
7702
11177
3907
5022
5618
7706
7099
8360
112
2975
10066
4440
10663
11746
6825
8291
2255
10019
5076
4616
566
491
7772
11445
9525
5873
5925
3847
10910
7391
5923
3636
1788
9428
11201
7102
9242
2886
9294
1734
11627
10474
5541
2016
1657
1262
5263
3584
3680
10356
4377
10888
8746
1415
5190
1288
3690
11563
1239
5007
6295
1876
8209
10456
1852
3037
4349
5697
4798
868
2268
7711
6741
3895
2358
6450
3600
9028
11601
3759
4659
7486
2345
3043
903
10578
6518
11757
1327
10264
3297
1916
10443
5846
7195
11541
10192
8469
1677
6573
7686
8630
250
11600
9302
3009
5960
2998
5169
8813
325
7796
9092
8187
4210
6456
421
6095
10738
4248
2666
3166
11180
2090
3370
10071
5502
739
11357
7474
512
2676
6511
10544
10477
6445
8593
8780
2238
1044
2505
4054
1076
3798
5212
4962
7188
4126
7517
11989
8041
1219
6595
3063
3419
699
3699
887
11280
9527
8664
8205
1282
5883
4444
9715
2924
10289
7805
5589
11882
4081
11046
4336
10114
7394
11340
2570
10216
4153
8179
9356
6295
6712
8672
4585
511
8298
6730
10300
4232
8560
8509
4943
7734
2223
9062
8321
2589
355
5391
5645
9201
10740
3155
2554
10813
10954
9968
10758
11611
9341
10457
10131
10451
9509
8800
5633
918
5657
3418
4930
6971
7888
138
2694
4306
4604
7698
7047
8176
1677
10619
6749
8627
3457
611
8859
10373
10578
7010
7797
3487
11407
6803
834
7481
10667
10563
11163
2676
6057
2268
10171
8640
7453
8164
1112
4910
9239
9162
5652
1552
7917
2595
11312
11461
6304
10987
1981
2037
3911
6202
7892
5634
5910
5415
4434
5213
10847
9037
10510
6490
10089
9313
3293
3749
6479
768
7997
9702
10049
2497
4983
6689
1586
8904
3190
10176
560
5244
10754
7041
71
7019
550
6501
2848
2455
5143
6103
8619
1327
10489
4920
2271
8168
4355
7512
3620
7599
816
7128
2890
5396
224
66
8351
10536
4137
6852
3342
6772
67
7484
1109
1753
5828
7877
10676
11269
11796
8074
8674
3939
10970
11628
7481
4067
11591
747
5878
3699
9575
11742
11043
2843
5261
8206
11413
8075
1240
5162
11029
6317
678
3409
6176
334
1549
1384
11046
716
3927
8768
4303
8150
4463
6832
9886
7975
10361
5876
8522
10901
10066
1171
3825
2928
502
206
3763
307
9742
258
11160
8838
382
5273
7693
9138
7324
4199
3686
9091
2317
7926
5795
7885
10656
6131
10756
9143
5889
7772
7063
1956
6922
380
6580
3367
6404
11170
9930
9724
4729
90
5246
2967
6339
7328
6699
9298
8082
463
6704
4094
1756
10358
4971
7228
6481
5991
4557
4214
2487
4293
2119
11540
9656
7917
3562
7435
10576
6273
10510
11265
5147
862
10401
10151
9238
3688
11720
4071
3345
4047
10546
8043
4285
11500
3292
4438
4083
10962
4967
8423
3752
4735
10216
1284
10727
10149
1833
7767
2940
1142
10573
436
11157
269
2008
5574
3545
1544
8831
2174
5418
10057
3159
4425
8537
3342
5041
3603
3143
10968
10345
10402
7248
1960
5352
2282
7652
3375
3826
4757
6353
2644
5202
8439
9097
7934
10268
2061
2070
8593
11939
5934
1682
11927
11637
275
4257
2466
7019
7734
10622
94
2194
7196
5337
8913
11931
3148
5977
868
10339
2007
2103
1267
9832
11715
2747
4681
3894
8586
731
10555
8724
3178
6275
5382
460
497
8340
5972
618
2804
1919
1917
258
9715
10850
3176
670
4002
9108
5432
4882
2478
4756
7688
11027
3799
9839
7723
1101
3514
6814
3378
1636
7000
6688
2214
11416
1051
6509
9772
2867
860
5233
9263
5891
2032
1375
10731
6485
8039
6650
4308
3771
8527
111
9629
3234
5375
3679
675
2337
5525
8959
7059
4540
1848
3999
1990
11162
5625
2169
8405
9505
11972
2379
3230
10535
7364
6973
8808
4866
4651
434
6538
2862
6400
3562
4672
7393
143
4269
6897
2772
4670
9230
9206
1009
8078
248
8159
8701
1173
1952
9922
9499
8186
2219
2398
6833
2714
11336
3958
7407
11544
7873
3140
603
1207
6275
4185
7505
9366
9365
5783
4413
993
8206
6697
2973
11892
11684
9856
7577
4927
1144
11132
4891
6208
8916
9887
4136
3024
4133
9684
10430
419
2767
2219
9517
9533
10716
4497
4602
11059
187
7199
11973
7764
2745
10250
11011
11620
7279
2462
4194
8172
4635
3430
8784
11502
9609
486
6411
3873
9165
7267
10271
5879
3559
5239
695
5102
9753
479
5612
3505
8744
2758
11436
2029
1005
9441
4414
9154
10754
5628
9339
7717
9622
11702
3482
4167
5159
9637
7956
3326
8162
1714
1559
7773
3747
7408
1193
11980
4290
3789
1855
7996
9201
409
7193
4256
11311
7229
11484
2661
3640
11336
10653
1199
10426
3573
8068
7884
5252
4835
1633
5863
6275
10774
5442
10194
11626
9813
1609
10349
5420
6108
3861
4833
8511
5751
6573
2937
275
9983
3474
11990
10204
6372
4889
11490
4605
2556
1666
9350
7279
6415
3500
8048
8045
4349
339
8256
4890
11194
1753
8169
3802
8452
2976
1282
9808
2658
2953
8281
5483
5127
2893
5105
5286
4611
7827
6455
7043
5195
6255
1717
9451
2051
6660
11453
3051
5713
10405
4699
7276
6530
6961
2368
4745
6775
1300
4532
6341
4875
10031
2406
716
10066
7683
8995
1187
8291
1974
311
5344
7512
3282
4167
7700
6168
10803
11671
7460
1217
1220
4643
10183
6209
5792
9907
5106
6228
6539
7320
11242
5971
5020
5911
1153
15
578
5128
1231
10152
3100
3020
7209
4870
11248
11377
3520
2009
3565
8940
892
8282
10854
7911
9274
1295
7084
8134
4123
7239
10462
2093
7002
263
3486
698
4404
8049
10826
1617
3898
11403
10908
5869
3689
7956
613
8054
6169
6737
8394
11098
9553
10470
6257
6338
1108
4442
1206
9264
11125
3316
2175
2891
7728
5876
6398
11549
11990
5240
4125
1469
5642
5018
10778
11339
7504
1122
2153
1608
1356
2240
11521
5194
11961
718
6087
6889
10056
5849
9623
5311
8112
4309
3111
4004
4404
4873
8930
3705
1722
9474
4941
4945
4863
4505
10708
11620
8624
3678
6745
590
8169
5215
2040
10383
127
10953
2290
1872
11711
4857
10644
1976
5926
6458
5532
6351
8098
7654
783
10491
284
8251
4684
4718
3863
5531
2965
116
11285
8588
8487
9857
2946
2960
11088
650
10160
5620
9038
1665
5883
2478
9252
3460
9410
2019
2644
10272
11479
4771
3556
9192
8599
2862
10489
5964
7005
5025
3299
1488
974
124
10789
6093
9755
9366
5069
4105
4066
194
780
423
4438
10262
10658
5746
2736
10496
7633
11820
7337
2067
5028
10723
10452
11256
4812
6073
3452
8201
10622
9035
599
11995
2138
9118
7695
8520
7397
3651
3353
4783
9427
7128
9187
5271
6623
829
9617
9689
6189
48
3758
417
11676
9095
2616
7343
6097
700
7522
6219
5423
7668
3002
3232
9187
845
11857
2972
871
796
9579
5636
4749
6786
7686
6581
7398
6348
4262
6931
10896
143
9490
5843
941
10545
2344
5344
9904
7332
5263
4609
11964
8706
6750
6096
8698
9202
2172
4669
8447
10025
7996
8938
8036
1091
4258
1882
1728
8738
2400
11568
6057
3212
11013
3296
3718
3645
5068
2219
3566
10711
2417
3964
6479
133
9468
1386
10700
10755
11809
2080
6876
1018
270
11681
6613
2531
2577
2662
1292
9456
4464
8543
730
1199
10861
7399
465
4135
6992
906
1803
3422
4009
5286
699
11038
7736
7178
2601
1123
11913
9765
5338
5781
287
3055
1386
10541
1585
11612
11089
7303
5890
7601
5378
938
1187
1321
11084
11785
4722
10942
4789
1993
7797
5722
4554
1861
8165
7905
5940
8344
6721
8001
10578
7741
11742
3745
6304
4634
1565
1433
3792
6873
7112
7472
6612
7091
7743
2743
4769
5993
8265
6347
2586
2152
10525
588
6079
11423
582
10047
5388
1537
1273
4392
1746
2809
11866
5142
11426
50
957
7053
3583
4056
6673
10958
4610
8924
7691
8058
7858
229
7755
2793
5103
11948
4041
8977
6268
7634
5919
3107
9431
10762
1594
1779
9865
9711
5895
5073
10865
388
5447
11115
3825
10355
1092
192
2036
3748
7494
139
9067
390
1557
6617
10407
4973
3975
4695
1950
8397
8553
11896
3087
6654
2536
3401
2280
9452
7195
10490
4205
4266
9449
8522
2695
1327
10194
6559
5523
3721
1678
2354
9776
8591
6340
3338
5629
2281
10399
11264
1737
4317
2185
1159
5479
8894
7394
10501
931
1351
3415
3260
1393
2863
8911
4736
9596
2664
11080
4544
11120
5185
9093
11183
6542
10635
9925
1576
6456
5210
350
2721
575
535
5589
4936
1775
3861
11174
11992
9833
5148
4315
699
3211
5378
6996
416
4347
9327
1329
2608
10774
3497
4164
11806
1469
11738
3524
7752
10620
1858
570
9423
6427
1550
6228
8022
475
9251
1522
1871
4136
9554
1488
7186
5700
10879
11549
8642
10451
6332
3313
4578
11023
4982
4692
9936
8339
874
7581
11004
6925
11522
5034
9887
11449
5755
11409
11913
10951
6456
6596
2102
10057
5948
3413
10410
11226
7373
11321
6936
1847
1173
791
5704
2121
10957
11602
8269
1897
10678
10401
9030
1329
8662
946
11394
6818
842
4710
1819
7950
7909
361
10879
1440
2394
752
10591
7018
9042
5400
7297
7739
2600
2270
1119
4320
3830
7105
11885
9722
7834
10513
1066
1850
2721
8940
5577
646
3509
1475
7087
4861
5616
10128
10735
6483
4211
4861
4670
3299
7035
6448
6674
10669
8214
11941
22
353
4797
8819
10029
5364
3978
7108
4148
2182
8759
11491
1945
11785
1208
5346
9035
1685
983
8099
10727
2150
5924
5955
659
2885
3610
11030
9563
5263
7591
7381
2148
833
196
2303
2374
10421
3438
10920
2628
3897
296
4255
5568
8114
9500
2445
11397
4355
7612
1632
10813
8170
9067
1668
3195
2846
7135
10808
6578
4807
4816
2008
5369
7859
4405
2248
7315
9886
6299
353
740
11237
735
1266
9169
9916
6734
7669
4753
8424
1978
2799
3138
2592
10422
6674
8778
7397
3121
6831
6795
258
5718
10529
5943
6353
11163
2675
5326
4434
5024
7472
9132
261
5937
1407
5613
7838
7634
2496
2504
11731
8011
5373
6331
9409
10463
702
7510
2976
4732
3277
8422
4027
1925
10911
7299
7495
3076
9914
1290
1623
8868
9469
10902
5995
3015
2618
3507
11359
7856
7507
11088
5569
5324
6288
11769
4203
1413
2325
7935
8788
8718
46
8413
8787
4332
2764
997
10473
6970
10457
7082
1439
8197
2222
1376
1810
7350
8450
7438
2899
1094
11123
8188
9645
5234
6992
1679
7381
9391
9137
4845
8349
11065
818
7589
2109
4208
7180
4233
4330
5531
10311
10394
2657
7545
3585
7399
1988
6644
6815
9779
11847
11874
2694
6963
10011
6900
11282
619
8859
11694
1586
11128
2387
1485
5132
1056
11893
9835
10509
10219
4602
3506
47
5010
5651
2101
2982
1051
8751
7898
1087
9266
6703
1116
5113
6152
2204
8300
901
1148
5502
3466
8731
2932
1330
4205
2517
8605
1503
10786
10541
752
9341
313
6164
8029
2837
1059
10157
4654
1763
3432
11993
3728
3132
1284
11304
5715
10771
10279
806
1926
1314
9399
5410
6530
7150
7956
4301
745
4640
793
7331
5787
8278
6380
10979
169
9346
10629
10701
9035
7879
10891
535
8872
2854
11353
699
5071
5755
6259
7845
11078
3197
6208
6868
10959
10321
2246
4044
10152
514
4495
10310
2125
8801
9661
6830
9032
7201
4609
9430
1887
5815
1923
4565
6056
7953
9827
7131
1925
2407
3132
8381
9510
4177
8270
5386
7540
9312
2386
1778
8151
11095
1116
1324
11590
4937
11997
2107
10975
9492
9928
10199
4931
11314
165
2952
7874
3685
61
10472
3338
1379
11583
8998
6540
3840
10389
7655
11181
5670
9251
10519
1196
9257
977
94
7250
10447
10015
6290
7004
7703
5387
967
3751
7816
6469
2580
9677
6822
2105
5336
9148
9079
11826
7905
11727
12000
3369
11576
307
6805
8618
4458
11696
3830
2697
2298
9959
11638
8452
2110
6920
3740
7374
3075
9964
8924
8729
11775
9489
4838
6945
8591
9756
10752
3132
1298
5129
2755
2017
494
5180
10718
8315
8966
2114
8247
3699
5249
7062
11104
6251
7555
2540
1349
7594
7176
10422
5192
9552
7131
4921
8639
3640
3219
7798
422
2651
8083
5171
1424
10403
6055
4719
6205
1993
4508
5303
3266
7174
2914
8465
8838
11556
9921
6594
4585
6725
1615
7093
3176
2984
4912
3417
8136
7686
6643
6168
5926
6603
6718
6472
3986
1687
7771
6298
176
3172
2010
11765
1417
4693
11338
1124
7909
6188
8777
10805
3208
11613
1123
6102
9527
5803
3706
325
10301
7666
1278
8642
11964
9480
10428
1156
3985
3202
4982
8162
6798
986
11211
3843
8820
2579
9767
2063
5524
10311
5806
8939
11709
1330
642
4263
1446
10316
9080
10539
4764
4904
8614
10854
1781
1848
3709
9904
887
4094
11655
11417
3757
8784
4683
3791
1888
10519
2532
3453
2998
4811
2596
6812
1377
3605
10657
4536
7377
10092
781
186
1318
10941
6453
1750
9820
2167
1680
3769
10723
7750
1199
7803
7759
2653
7797
11823
1183
8980
5809
6355
6757
9639
3214
8320
1783
2460
4246
9934
9573
7905
3116
6028
6255
6701
1689
6929
4276
2260
8835
913
4532
6320
28
10694
9147
114
5759
6044
8388
8058
9015
2275
10844
7851
1423
6771
4226
1400
11986
3273
2791
9073
8229
5234
2836
9850
5536
4101
4405
10330
7468
8231
11452
8962
1948
468
2456
1194
7643
2483
5831
7476
8612
8091
5740
2336
3033
252
9178
6045
2224
6327
4752
9016
10312
2527
4725
4312
5463
9620
10076
571
9978
4468
9838
9118
4466
4165
8099
11083
922
11121
4088
2129
3144
5032
5412
5764
10319
8774
1361
11259
5207
6943
8831
5032
732
8888
2719
8324
1237
8888
6548
5511
6718
11778
3501
7645
7822
11867
2921
1409
7222
7545
1061
5964
11261
11493
1128
855
9791
6011
8108
8652
7753
6491
11336
171
3493
8906
4218
419
7322
661
10216
10466
11614
11107
332
6726
10982
11829
9885
6744
1748
4610
7495
4221
5796
4848
563
6838
4632
5321
6286
706
6362
1643
2208
5916
8079
406
4809
8650
2190
294
9549
605
3318
10964
8743
7406
1425
7055
7687
7259
296
9839
3030
8017
1433
8867
39
7496
6023
3170
6398
2809
6647
361
2779
7318
9702
2961
1762
1981
6364
11460
4902
11323
2968
5206
11328
4737
479
6608
3737
10126
8517
2344
8809
11871
7590
1884
7446
3770
11936
9067
4302
362
3312
6095
11164
1759
1984
10201
11656
9155
8541
11165
8467
2262
10768
3014
11391
6310
10679
11784
11078
379
1112
928
10148
5583
9952
7520
10309
10540
7657
5624
8463
10284
10214
4423
10966
6527
2224
652
715
7251
11257
7721
6833
3594
4346
2250
3047
5330
3148
8782
3003
10054
11779
3456
10586
9045
1464
8981
7948
1475
6722
2873
11055
2998
6740
8972
11154
10125
857
1802
7068
8784
1598
1183
4419
6186
2066
5355
8555
1084
2536
11307
10928
3824
8117
1863
5881
8226
10208
11315
10669
3498
1325
2960
4946
8577
5568
6709
6636
1813
8444
4443
641
1785
2616
10380
6219
1192
9520
2626
6738
2900
5151
6597
10065
3639
5763
1871
11742
5164
11550
11957
7036
9422
11751
1204
7371
5722
6380
6286
10968
2771
7093
4360
2734
10781
372
307
9401
7077
4844
151
9814
5249
5232
793
6234
8687
4208
3976
10792
9353
6595
5581
10418
3488
2208
10476
3821
2669
4605
1987
8346
8187
9284
187
7485
4397
10990
2465
9764
3225
11241
3833
10149
5642
4075
226
5782
11045
5118
1843
9037
9724
9626
10191
7267
9801
10042
4059
7340
7516
9658
490
10895
6503
10546
3546
1353
10679
6396
2134
7164
6281
2894
9246
2704
10611
3055
5196
1685
5024
6224
573
11574
6623
2059
8911
11488
11535
10766
7486
9090
6940
8077
11945
9139
9824
1529
412
4033
4933
6886
1671
9563
8612
448
7575
7293
6832
1384
10974
3000
11026
784
4373
8965
2490
114
1271
68
330
6341
5783
7619
941
10986
800
1648
11835
2409
288
7608
8100
11910
8853
2864
9375
6240
3752
1349
7163
7420
7892
7792
1308
4839
10681
2154
3124
54
3362
8457
8002
1053
3933
9879
11372
7629
10604
4683
4174
6328
7671
9147
7054
7334
5700
7610
2295
5548
2670
6396
6054
5992
4878
2469
3350
8863
11109
6291
1650
11011
10646
2013
5834
871
10759
7161
5321
5348
11356
9723
786
221
1556
1537
5683
2215
8257
7588
9467
10910
8295
1018
11990
4937
4792
8360
9813
10163
3081
8378
1310
2800
10604
6036
7139
11215
2348
8203
11821
8816
4151
11350
4257
7633
7359
6932
3064
10043
4475
5526
3388
7266
8505
3070
4837
6592
4618
11405
5396
7068
11113
3359
483
8393
2494
8336
3519
5273
7988
3459
11513
6644
6484
11960
6253
1385
3216
680
771
11505
4941
7881
10549
1587
3186
10153
4107
602
9570
8967
6418
9643
5123
10161
9470
8651
11184
11671
4153
9325
9039
2765
11880
10193
5421
2938
4764
2701
4124
7737
9282
2895
4895
11768
4436
864
11703
2729
3528
10174
5004
467
4099
1597
7701
2391
9036
7719
6443
4854
7613
8948
7607
633
3440
11518
4625
312
2504
10652
6579
3453
4454
8394
2606
4984
9024
5626
8550
9521
11600
2217
8593
4790
9529
9076
2400
2534
7781
11408
9730
1841
6815
7535
5581
8600
4791
11871
6070
10993
3060
7241
3743
4493
10167
813
346
3474
9334
8770
10634
8240
10691
11178
1238
3150
3022
2763
5569
2560
3147
4921
4791
7248
2755
3815
6637
6024
10509
6756
5836
11128
10791
3166
1605
7881
11726
10691
8776
236
7535
9223
10848
7896
231
4636
3913
3322
5646
4273
10507
10621
1017
10753
1863
1143
8298
973
6956
6641
10244
9066
10710
1174
1642
10267
11060
7953
8154
10433
7806
3203
7531
11135
10328
1743
806
10595
1461
1105
9952
11746
2685
3933
4597
8286
9459
11928
9228
4659
11741
4745
8791
7588
3941
6726
8546
2419
5694
4733
6763
5162
522
9261
4611
1202
8538
9321
4696
9836
2441
8079
3226
11131
479
9853
2600
9088
933
944
4309
11651
9386
5363
10060
11603
5906
7814
11137
7832
1622
11855
5554
257
7354
8666
8063
3291
5918
7486
10143
7363
1713
2713
10198
102
359
1373
2244
10850
1100
1073
2583
3649
2502
10996
9791
11793
2045
10216
7116
3421
1358
2966
5436
4777
7888
11716
9552
10250
1070
2080
11231
223
9873
11311
7305
10825
4079
11182
10014
435
7398
11279
166
189
4359
5528
7929
1820
10897
2163
9351
1297
3983
9452
3205
10398
8573
11222
7052
11370
4027
1287
10098
4405
3785
9938
3251
11232
6078
2951
11356
9922
749
10326
1101
3747
7477
9775
9982
5171
6684
4365
5076
6521
9948
628
3762
2706
6547
11008
1368
2923
10895
6795
2393
2821
1154
8424
2419
4937
5710
7068
3324
813
10500
5272
8523
8198
4464
7119
2152
3127
11655
1889
6735
8829
10273
3503
9552
10131
3115
4322
10091
11051
4447
5485
2014
11670
1823
1949
443
3998
10040
3020
4978
305
820
3593
11896
8172
6412
7851
5104
1422
10505
1126
2078
11530
3564
1470
3833
4506
7939
10521
7552
7369
8578
3625
4499
7163
4417
10101
8061
9011
11343
8333
2833
5014
7413
8097
6670
6824
11885
1260
9735
10733
4190
8857
8617
2602
10142
10449
3649
10115
1107
3771
4332
6357
10580
5115
10876
8056
6177
6811
4065
4663
349
5927
11030
8994
11696
391
9310
5443
295
11827
4288
7022
9365
5093
8283
2484
5967
8088
733
10003
5222
2383
8305
8148
10692
8951
2874
5126
4026
8364
3354
729
10671
9557
10068
1803
2449
3633
4500
6301
10705
805
11243
1966
7319
11682
3368
5367
10403
164
10240
5712
11598
9224
987
3109
10770
3676
1883
569
2122
5685
10321
8753
8375
2260
5912
3337
3665
11703
11965
7210
4286
8163
4470
4986
8661
7848
4917
2823
1299
9239
6703
7001
2348
518
2255
10305
3873
1522
5166
943
8632
5996
7571
6999
10387
10765
5075
1642
3966
479
2873
862
4931
9312
3482
1483
7498
9983
515
4707
9320
6371
9469
2732
8721
2213
6363
1962
1095
7426
3684
9896
6534
4167
5042
2041
3583
7739
11245
8678
4692
10966
3625
11056
7992
8662
4869
2688
4776
480
1351
9680
1474
5811
4531
11410
7661
7887
4922
10080
4946
7255
9899
5511
3985
1311
2338
6609
222
11404
4245
7059
9809
11675
2634
2400
10451
3272
3305
4408
8649
1759
6558
11130
3192
10278
10899
8404
4271
475
11061
5378
228
3150
1297
2143
11435
3906
4400
7481
4199
10166
1949
6279
1057
173
9190
9734
4053
11076
8576
2565
4470
5696
10832
5650
3251
6965
7364
4124
1209
11067
10308
4977
1571
5259
249
11455
11461
5920
1213
2124
3515
9795
11362
4728
5989
8119
10625
1965
8696
6627
3223
5177
11937
9409
1318
10098
6881
8276
6634
290
4333
6211
894
1844
4112
11986
2523
1120
9252
5110
153
4890
4861
9376
11809
1906
3714
5919
1788
7980
7360
9650
9153
2993
6679
1044
9090
9909
3735
2092
9624
6090
2816
11372
8781
6480
6364
10876
10371
11086
11574
8681
10365
9730
1249
11583
6607
3958
473
298
11647
259
1776
4166
10862
7164
4534
6746
10108
6350
6388
9591
2635
7971
9502
7112
7156
7794
11759
7542
8868
9849
7310
3231
8478
9293
102
5482
10135
8107
7871
3963
5248
3156
690
9022
6691
3931
4611
5026
6426
6326
10049
1788
1293
2838
3034
4260
10431
10934
1432
7468
9402
4292
7799
2295
11667
10067
3452
2012
1728
7239
6687
525
10824
5475
11681
1572
4928
3165
3280
3263
9131
1699
9389
6210
5370
3956
5044
3331
6350
4168
1457
4667
3948
5307
1204
2410
31
10730
598
7413
2039
5849
9586
7399
130
3825
1581
4065
4642
8862
11663
11260
8085
7648
4356
6639
362
8604
4752
9396
4715
11207
4139
3692
5552
8375
6212
9720
4210
9012
8875
5553
4690
1086
9890
9021
5919
5563
2343
589
1839
5140
3567
11736
10721
4412
10162
3351
4068
6194
292
9569
8933
11161
6339
1213
5247
1472
6589
11100
1378
4241
8291
1041
2865
6921
3818
4279
1839
10047
8316
6843
3646
8197
10224
10005
10456
4434
1890
9008
10990
391
6027
6641
6051
6757
9873
232
11649
5586
9064
2411
6815
3692
8271
6293
7429
8824
5388
11093
5344
1009
2731
825
4989
6702
53
6476
152
3120
8706
7397
9257
2511
7165
9690
5279
6787
6932
9984
5573
7010
6781
7866
4231
2029
6871
6784
8923
8155
11962
248
4433
7595
7854
10571
9301
11921
532
10915
2033
9824
3620
1002
5488
7154
3216
10237
1811
11398
11579
4361
5567
9791
6776
6157
10943
1970
10790
10035
3796
599
6208
981
1531
747
11618
5633
6077
9678
7907
4242
1458
2677
8500
3774
7835
531
5084
7867
8897
10444
7085
10731
11051
6781
6790
10069
7224
3799
8558
7839
5457
4066
6841
290
7548
139
1934
7743
2343
883
3479
4208
6566
6008
7342
1321
9
10325
9467
6562
10275
8668
2880
1973
6253
4477
5757
3430
6152
4343
2423
1745
7320
1584
6826
4103
596
5881
4545
2380
3202
8131
571
6605
1898
10421
9851
5240
555
4706
4554
9671
11215
10308
8051
2923
9759
3887
7391
3311
5274
9976
9632
378
11146
721
595
7243
9972
7345
7600
9514
6064
9913
7465
4241
7424
639
8697
45
5821
7237
11609
2544
2854
1594
7848
11322
9090
9061
10861
9926
6779
11782
8054
5893
7378
7286
1087
1007
5237
9476
7667
7505
1835
9623
2664
11327
2594
11672
10831
8233
8979
7999
10321
6506
2557
3484
4288
10341
7952
10709
8679
9767
1355
2282
1566
1910
10185
4025
6736
11664
3048
7048
10236
9821
8847
11696
10379
2567
8745
11777
9788
11247
5822
5889
11578
2602
515
7943
467
8106
10043
6661
3443
11863
7863
6562
2249
7540
7785
3854
8405
11388
11569
1107
3410
7614
10683
11830
562
2377
6175
3650
978
2687
1073
8797
4120
9287
2
6340
962
2188
7528
7297
10619
5272
4684
5307
10921
6520
1371
10648
9793
6930
8366
6422
9625
2290
6519
6592
1399
9742
5338
10999
9972
5427
2171
5419
6260
5876
6246
2337
6063
2155
7730
6523
8172
10399
7240
5645
5547
1032
10845
2342
8732
8506
3676
2296
8908
2063
4184
3683
2473
6839
5651
6619
7767
2147
9343
10713
4194
11350
5171
10304
1626
394
246
5478
2831
719
4724
8852
1408
8411
431
8662
6782
10518
11506
4268
10753
490
11365
759
1910
7319
6767
9642
2820
10482
5149
6053
7382
6814
6528
3625
11940
9456
10979
10268
10024
4460
10521
9386
8310
8861
7590
5018
884
738
7977
120
5305
10060
5552
4456
10087
5516
9115
2857
6654
3822
7373
2438
8157
2006
669
3141
1369
4614
3429
9008
1497
6088
7845
3024
8729
1265
4038
2002
2619
8160
2211
3240
9506
1528
9416
8080
2483
2725
9725
2272
3267
8491
7029
8987
8292
8998
868
9588
6331
10597
5956
1957
11566
926
9072
6556
8064
8580
8067
8910
11984
4232
6944
7705
1726
2769
10804
10908
2052
8542
3557
6041
3905
8460
1485
9426
5564
9577
9890
11225
6616
3879
2301
1788
4909
4891
11686
8937
6995
1433
6612
1574
5357
3716
3781
9191
8541
3137
1579
9575
613
7013
8352
11625
6099
9502
10819
4100
3503
9843
95
9124
5873
5035
74
9994
9597
6280
5111
3178
3596
10616
7219
708
1537
9745
3714
8071
1638
2533
10737
2835
6928
7281
3922
1272
9117
3346
7165
2805
7964
4471
2743
8925
8154
8536
1570
7207
3193
1155
4746
8279
854
1765
9870
1361
9237
5329
2057
7755
1921
1505
4347
2989
11465
2557
1554
11958
2163
2328
952
7605
1708
2070
8944
2025
5253
6598
70
3655
1257
4671
632
7427
10054
10949
6354
5844
9595
11420
6039
2979
8578
8278
4258
693
186
9352
5978
6348
6863
6528
7659
3650
10992
9631
2394
58
11880
840
2004
1171
7634
6217
11694
6830
3801
6439
4679
5878
11457
5058
2000
9223
2631
10125
918
6316
9261
5871
6495
8935
33
446
8391
9872
1911
7469
3533
216
801
3516
10373
10403
11139
7103
3081
10111
2571
10682
11848
11742
6829
8564
11482
5836
2756
8961
3065
10793
11396
5707
9613
2961
152
2170
11225
9191
11359
11735
11827
1042
1588
4667
6482
10627
1451
2054
10724
2505
2885
9156
4261
2405
9700
2096
4323
2179
4982
10685
4378
439
8964
362
3441
742
1629
1614
11074
5673
2555
9539
6069
10471
10377
8629
8010
2187
3863
5139
11108
3099
5838
846
9670
7370
2094
899
192
6184
7137
5332
9328
5619
10996
3177
10174
5380
11376
7012
906
2138
6718
5636
5161
8345
422
448
6096
2944
4063
11027
3918
11105
9374
2198
2394
5734
5840
7460
11592
853
8947
7564
7061
7838
8726
11500
10322
8210
941
4480
9256
10124
2014
4552
2670
10592
4840
712
4157
3929
1191
11267
7894
10283
672
8440
1147
9902
2987
3397
3755
8845
2981
8916
1660
5629
6535
5322
6583
1184
1882
7484
5549
7837
2414
2626
6338
10932
3667
3708
8445
2434
7398
2379
1318
11419
7585
1565
7673
6044
3114
4739
8746
9695
9034
11550
10197
8759
626
1098
3213
10160
10825
2433
9609
7396
10189
11491
9253
5186
11586
10334
3859
649
9785
8016
8665
9642
526
6756
11728
149
2344
2348
3728
176
10398
6237
1394
1330
1092
10740
6448
8293
3863
3940
8982
4416
6056
3229
9499
2538
1018
8592
5027
11154
9447
5400
1989
6622
247
623
11247
6947
304
2432
2731
5429
8396
2207
10330
8977
6657
2841
1839
1408
9846
6920
5612
2303
9110
2042
9471
3615
6838
9999
10053
9597
10191
4908
5664
10440
9235
1310
7794
7467
565
7969
129
11565
2825
7570
3144
5779
4459
11209
10526
3348
6400
2469
10803
6411
2854
8639
134
8592
5733
1812
9060
2943
6696
6392
10203
4322
11341
4061
10134
5480
8319
9165
3365
5755
3813
5842
9562
793
7219
9150
5240
10358
6838
11291
10715
1139
5841
4781
11778
1293
8248
11655
5526
435
9898
8405
3312
2475
10348
10409
11672
9525
2348
10115
4220
621
9118
4459
5424
4548
1792
10117
6188
980
3699
3013
7913
676
9839
216
4294
718
5250
4649
8408
10470
2620
2179
5566
9130
11101
5190
20
3680
1664
1675
1208
11513
11447
10923
10787
11384
756
4708
673
11227
103
1768
967
11377
481
2336
8898
4578
5653
10135
5998
3727
9385
7204
8714
5388
9230
3885
11030
6988
1247
7240
48
11032
7201
2582
10040
6461
4681
3309
10118
11483
11385
4243
9063
4248
25
698
3493
8717
1984
4659
5869
326
5406
4734
6854
11527
8148
11072
11635
8691
2449
5561
1021
208
9125
8280
52
2031
1785
11098
11882
5523
4199
704
9236
2383
2719
6984
11237
4663
4615
5485
7137
8179
1172
3955
817
7677
11453
8972
9294
3405
4287
9760
11702
5400
2506
10689
7177
7317
6742
11279
720
6079
7781
11788
1921
11902
7101
9577
6869
10013
2424
5794
9164
7719
7862
9619
5075
5501
8028
1117
2245
2342
9612
6441
7045
7595
5506
3586
738
10003
11228
3497
10223
3105
1027
10136
5362
5718
5841
10407
10241
10582
3422
3225
11875
5242
2579
10087
11621
5771
7365
9160
7408
10354
3468
8652
1673
1447
3164
399
10442
1453
7504
1077
2112
9776
8444
9580
3265
3538
2645
9592
1732
6692
3922
9873
7338
2037
8786
2378
5775
353
6166
8332
3926
9374
2806
4231
10928
7897
6005
11325
11095
5077
6328
11437
7762
8002
9324
5982
5560
3489
7865
7398
5098
11454
264
4562
1073
8829
5714
7987
393
574
3775
5938
8715
4393
11319
3884
9058
506
2786
7733
5597
8650
10011
11329
645
6978
9210
3738
4520
7163
11058
4119
4901
9894
1083
7057
1337
5660
9462
9220
9046
4803
402
2732
6229
6657
7516
9364
654
7044
1846
2676
6538
719
11574
551
10405
1239
1513
10424
927
767
727
10217
7391
11255
10833
8421
8485
5676
2821
5484
7949
2307
2528
8372
10244
2442
6632
8661
5212
5483
5424
5027
9242
1333
1996
5311
3140
7876
2491
7676
6068
2858
8305
8492
9370
9903
9622
5673
1946
9288
6444
7047
3471
2441
1943
4009
1030
6600
8940
1420
8118
10071
4811
74
10950
604
5670
11108
9689
8899
1788
5987
2248
3241
5893
8406
5330
1294
10901
9768
5
9298
3681
8261
7912
1988
5713
2719
11479
5675
11320
4081
1945
6878
5881
2814
6616
307
5367
6216
6697
3117
446
7977
4785
224
7554
3021
2109
8896
8156
8924
5
9223
1108
2734
3672
3952
2376
9061
1801
10490
4754
7583
9699
3172
2052
9927
6153
24
11168
576
9689
1291
8960
8272
9101
4566
360
6791
5463
8757
2984
11878
3347
8587
5550
1977
9824
10509
5887
948
352
5368
7556
5157
7071
1106
6555
7510
9217
6546
11148
10573
3635
10077
4325
5630
11061
4830
627
10091
4980
11859
11125
11182
1406
2112
7616
9865
2954
3160
11796
3359
4802
11770
11816
5150
10188
7577
376
330
9918
536
7435
9333
10688
9375
1012
1563
5597
8144
1328
1187
9263
7410
9396
8074
344
234
8086
11163
7467
10003
6462
9301
478
11854
2984
5233
238
2987
5864
3640
4248
9746
10253
5981
1071
9529
6114
608
684
8481
6573
10829
8170
4623
1055
8226
8257
11990
7753
9059
4147
2777
8515
8134
7294
8330
2810
6695
4421
2656
6820
42
10494
5367
4403
2177
6078
983
184
9801
11723
4939
1737
512
2952
3202
2309
698
11096
8981
4109
10394
1848
2447
7337
8687
10209
7073
451
2122
6719
886
3443
2939
2713
4471
7847
11955
7154
4972
2005
8747
9157
4010
6419
10547
3701
10787
10299
6601
7636
3493
3019
10484
11431
8212
4379
10910
2970
1903
5782
1755
10036
11216
1990
1719
1910
6174
5311
7560
3098
7482
10117
67
10263
9726
10814
5670
2213
4626
8705
5084
8512
10270
1241
1889
2824
10093
3756
1957
1513
2124
7802
4288
1595
6266
4459
7877
10391
11768
1528
2703
4406
11898
9917
3621
3468
618
564
237
9577
2338
9891
10204
10996
3140
876
413
2228
4969
4709
11638
1929
3647
7249
7758
11097
1071
3585
5472
7099
3516
8088
11692
11613
11639
5050
4032
6251
443
1260
5193
9890
11957
2664
1118
1391
1672
8074
2578
8668
4415
7591
10178
1272
749
197
10045
8603
10590
6798
11694
3570
365
10156
1273
4072
5226
9903
10011
5691
3718
3885
2606
9043
5639
11403
5285
7976
9370
5071
4799
9041
7868
4080
11466
4582
6363
555
7121
7437
7398
1965
2936
9781
6670
2334
10592
1671
4049
9203
615
2952
666
6621
1771
3168
11970
11377
8861
10740
7078
8862
2041
8048
9956
11258
8728
7214
8529
4384
676
5379
7697
9971
8867
9800
413
3684
7625
4995
4221
5087
3072
3236
3093
4658
7095
10388
4627
2035
8103
5449
11817
5767
1589
3449
9149
3802
11925
5739
3137
166
1357
10179
10664
1439
9882
1232
3629
10594
11139
1351
3361
8680
6721
5909
8731
11653
10371
2460
4942
7783
11515
8491
4465
10052
6404
3715
3985
7226
10044
10266
8727
6311
1870
7129
2592
2655
4681
680
3145
11402
10537
10199
9698
5488
2156
5037
2515
958
2851
11972
5514
3769
10743
3576
4763
4100
4424
10779
2628
8048
5470
4162
9328
5667
8522
9540
7091
6314
4049
5004
11394
10153
3707
4547
1516
144
497
4921
11385
11922
11699
6701
8906
11999
11639
2173
1742
1917
1574
7772
7281
1006
777
5431
6425
4683
9434
8930
6644
3720
6279
4723
3676
10467
3568
939
5283
1775
2095
2975
8958
4408
936
962
339
5984
9360
3437
7478
4081
716
2215
11225
8510
8194
9835
4612
2287
4734
1052
10477
8876
1167
7564
8200
9957
6632
11994
11163
490
2536
2437
3613
11116
9968
3992
172
3367
1762
7873
2986
6844
2425
11363
376
6301
9363
1087
4717
1524
9423
11873
9310
2827
7173
3326
7617
9097
3666
11525
863
5205
8084
9361
1155
2103
4819
602
3075
963
6119
1789
8841
9971
11700
2765
6285
10530
2013
5157
6859
9968
329
5263
2299
1913
8679
7366
9581
11594
5316
8583
9118
4102
4425
1545
4762
527
10721
1133
8997
5295
4716
4663
9817
4617
9333
8530
11874
9635
7524
8329
2613
4554
3745
10894
3337
6035
11121
5868
1508
2505
9598
7717
8782
4088
6140
9534
1049
3065
8938
120
2951
10747
2491
3292
5678
7944
5451
5608
8167
9634
6561
9036
1824
11528
2908
8182
3771
4469
6105
206
10829
11735
7632
4742
8852
9115
3010
4359
6010
1186
5530
2157
8229
8953
835
3213
10574
1531
8295
1549
6810
2571
4318
500
6172
9634
5937
8560
10491
6411
8516
7447
4966
11272
10323
7789
8585
11142
7516
5351
10236
6173
6250
10823
2320
2991
2964
85
11983
11825
7407
6992
1692
9551
6193
3854
2553
1374
3491
4626
2304
593
2891
8171
3404
9351
7384
4217
4299
3264
10476
1064
10846
7696
10884
9975
4379
11871
1816
11867
9571
6853
8295
9615
7081
5283
6583
9484
1346
3498
3589
4671
11812
8102
9799
2209
532
930
11547
806
3335
9714
5395
2721
6229
11671
9036
11885
5633
4998
5159
6956
891
8393
333
5653
6015
1214
11650
2023
5543
11444
9802
11736
618
740
10656
8167
2465
1454
4769
3455
4573
3909
4959
6783
8308
7424
5238
5962
5686
11883
2985
8895
1106
9106
10010
6051
637
3116
3916
5815
764
2311
6009
9689
11814
10002
10903
1444
1699
5393
9855
3806
5178
784
11889
4622
11972
4273
10209
1854
7534
5104
8833
10211
8143
2061
8363
2059
10900
11485
11414
6484
1792
2844
2422
6077
2851
4881
4677
754
2213
11841
3370
2092
2843
1175
985
11438
8866
7989
3547
670
2710
2302
8798
5637
468
5123
3993
7118
5790
7225
1482
1683
7042
8172
4168
9280
2979
4769
3720
1378
10641
9480
9031
5841
3075
8839
11558
1107
9157
10210
4468
6922
7607
6355
10589
10958
2407
9949
10736
8067
8825
10509
6191
3493
5319
10742
3014
4568
2613
4955
11559
4676
5184
10947
8383
11863
10693
3984
2549
8501
8135
8093
5263
1065
5933
7874
6635
6398
3485
2800
11740
1107
6169
11961
4637
6218
11216
2135
6722
2099
7721
10846
9674
9393
3299
11282
5133
2213
3068
9221
9352
9973
5264
6560
5032
2178
6586
953
5464
10338
1799
10905
2190
11925
7148
3850
158
9599
328
1768
10363
4058
7565
5509
5422
4633
9717
8477
11248
6032
4056
5424
8260
267
1938
11249
9920
10757
4117
9002
9602
9823
8703
6741
1632
10672
7618
11381
7613
6728
876
5541
316
684
2990
7587
10766
874
3234
2464
10927
8762
9780
6362
11310
6411
7944
5475
192
11298
3098
10173
7403
3743
3862
9413
3757
289
9028
4440
10381
6192
11729
4433
6122
5429
295
6041
2984
6166
7834
439
1647
657
5221
4427
2891
5080
3309
1198
1484
1828
2956
6292
3147
10096
580
4418
1656
10986
3860
3585
8148
8339
9777
1392
65
9595
716
111
5385
8608
11294
4151
10966
11738
7736
9480
10728
11317
10524
574
755
9802
115
2684
10966
4518
5017
11790
1387
4757
5473
2235
8294
7298
416
5004
11212
7168
666
5748
9513
4957
6232
7061
8263
3668
2300
6794
2407
4362
4260
461
10889
7894
6382
900
10091
1483
3085
11464
871
2307
11860
4756
11350
5704
5616
9446
5280
1950
10177
6310
8183
4454
4290
4523
7552
7858
10281
11639
5215
10716
10512
10574
8245
6033
9105
1174
861
1829
4310
4319
4399
6348
383
9225
2889
4368
5442
7688
7214
8651
2333
11633
6255
7482
11108
9594
5227
2596
10407
11921
3517
7374
197
8700
5434
11574
6866
10717
3718
11653
8884
1015
3890
3314
433
8667
9375
7466
10586
7235
3706
3805
8670
3459
5286
10975
9024
11997
10756
1119
10195
6033
7217
4183
8864
4158
7639
8299
1775
5266
10004
6598
9809
1811
9864
4980
2241
3329
5840
4782
8585
8505
7943
4069
1565
7613
1219
1366
5035
5522
1245
7184
2770
2182
7167
9894
1457
3732
10972
4728
3067
5895
9869
8454
7880
6529
6118
1198
9258
10958
6121
8316
802
2695
310
3279
10124
4527
7473
1817
6017
9413
2144
6505
3542
9870
11306
11448
5547
3961
1570
11615
7760
366
10106
10431
5991
4204
9877
7599
6453
11170
5631
6632
7699
9940
254
8652
470
9568
9195
8864
11197
9249
4987
2178
6859
9780
6567
9911
10075
11550
10838
1928
3204
4446
5557
11938
7108
3474
7644
3940
10065
4294
11384
3932
3913
5655
9877
5633
2941
7253
5737
5928
3185
6159
5623
1263
11237
11833
6466
1872
9043
11082
4829
8257
6710
10826
3270
8611
8497
4529
9946
2715
5036
5022
6447
2990
7993
116
4675
6357
2988
11498
4057
1796
732
5307
7261
1583
11850
3408
4684
8314
5546
10266
1323
811
4933
11653
10120
7850
4571
2627
5066
6993
6952
5109
4475
7860
289
4813
728
5579
4143
7282
5048
11821
10510
1878
9165
9441
4421
1961
4447
6587
8971
2126
8328
1680
4454
4667
460
5261
8577
7995
6262
7469
7433
6416
1245
7167
11024
9446
6679
9625
7886
4226
6438
11862
6737
7985
4648
391
2269
1345
8266
7988
9487
11786
6735
2261
9658
7303
7485
9885
10190
588
4325
4969
7333
9590
2158
8215
4049
8761
4856
5999
10976
3359
2157
843
8184
7895
5651
4808
1909
9821
871
10907
8531
7254
10660
4724
4501
2154
502
11988
2074
4296
5149
6526
4669
8850
10994
4389
2795
4031
3557
8124
1570
5205
1796
7099
3022
67
6027
6610
2767
2945
8279
11332
5398
4224
1800
5698
7709
3349
1672
5995
1640
712
9354
8792
6840
9476
8497
9619
2013
720
6229
496
5991
8702
2765
3569
3519
4919
11658
11272
7921
11914
6053
9646
10893
982
69
3759
2670
9116
5616
6804
6234
11759
3503
197
8869
10450
9395
3531
5936
9030
8751
3451
1556
4153
1612
8904
9994
6223
90
4632
11879
11723
4636
2061
8611
7101
3315
8436
11356
7491
10002
11828
9184
2107
2788
6916
3691
10514
9020
144
4019
5338
1860
7287
5015
776
5329
4949
9324
5059
4889
4042
11052
2669
4348
6475
1873
2469
3302
5249
6944
3037
5714
5126
7151
11178
6482
2279
9302
5505
10475
1139
3205
290
955
9759
9397
7338
11231
612
6944
7398
5278
11614
548
8848
5339
250
8289
1411
11968
1331
5045
8475
1064
4682
1980
8914
6272
10360
7939
8382
8462
3483
9765
2123
7650
11163
2577
2207
3760
9518
9402
7061
9668
6861
4952
3859
10735
8883
8677
6198
8634
4486
7751
8620
9812
4937
7988
905
6891
3112
11543
9722
4246
10933
7667
10416
808
1271
9323
6858
8108
5335
3694
3257
11535
3088
138
3408
739
5668
11613
11995
11156
1663
4881
3572
6875
11179
4326
4830
9986
11452
9603
10314
11865
2475
2294
8833
1219
2678
6816
5492
6875
8314
5046
11376
129
9764
2476
9585
5811
3180
10930
7087
8720
1446
10169
4466
327
8719
5019
6575
1805
5183
3044
11871
10773
11240
7737
292
9756
5748
7652
11161
2481
1254
1237
10229
1650
5695
4602
6963
8913
7996
250
11135
3049
1140
6399
2576
8962
6982
6318
11457
10718
3103
10861
9255
11848
1518
1315
7259
9983
1641
10680
5553
6863
8444
4186
9632
10777
4542
7999
983
3313
9106
475
2820
211
8699
2438
7458
10022
7795
9373
3119
1253
9838
7480
9983
11946
261
9461
4322
269
109
2836
1266
4676
8274
208
1472
8433
551
3777
7211
5099
11694
11599
1281
7762
541
8393
9041
9923
3410
10571
3169
4567
1435
5830
4437
8177
6212
6214
9325
9865
9833
357
342
7558
11642
1175
3591
2616
9442
5098
6635
10885
7895
11354
8013
2257
8325
2648
2384
3239
4616
10723
7443
3544
4525
1959
6412
10138
5981
11568
9365
1187
9190
11809
3283
4947
851
1406
4098
1576
4338
10151
7847
11190
1393
5963
1594
4466
3960
9751
2052
10227
10338
1809
1113
7020
3992
2525
2710
7395
8473
1015
1576
11612
2376
246
9625
6668
6780
8641
2735
8646
8981
4761
440
9001
9235
10535
8194
7057
3942
2177
5497
4728
4511
1502
10677
5717
9866
4902
11202
5511
6954
9282
3616
2873
3139
8625
1930
9612
10532
500
2083
10125
4795
38
11756
4350
11589
385
423
101
6505
8930
11702
7421
8798
6657
426
2237
9192
159
2048
3208
8885
5754
6686
2918
10693
9030
11700
3229
8780
923
6868
3880
5124
2352
10379
2442
2978
954
438
10713
8328
11326
4370
1000
5154
9417
2027
3930
5832
4897
5035
4901
2572
5016
1319
5488
10644
10454
2814
7128
1006
11495
8423
6170
9681
1406
11806
7563
9088
8882
3624
8251
11481
10317
5200
11396
1775
751
3178
9363
3125
1582
1714
4707
4286
11911
5715
5442
7639
10405
3480
9832
4181
9101
9704
10250
3330
9939
11097
8760
338
8609
4176
142
5447
3115
11226
10922
1371
3426
8672
2137
5294
5876
4365
3013
6205
11832
9408
10632
11731
1043
9127
8817
6299
2488
5112
3665
4504
8576
520
6368
11759
1566
5035
11615
8565
4297
10715
7239
11866
4883
7356
8881
11837
107
940
871
9057
7303
11967
2465
10577
578
6742
3250
1700
5488
10055
2977
11840
9377
3368
9145
74
5231
5470
5458
9720
9385
10908
10711
8842
9903
10553
2246
1020
11382
9185
127
8526
4488
1737
6433
6881
5771
10162
1877
7595
4206
4357
3179
1137
10404
7104
3759
5223
8300
4790
9707
11811
7849
2421
7566
8180
8001
2036
7851
3765
5006
11560
434
7064
5054
2778
7552
4979
3581
8559
11143
1444
6068
6601
10184
11850
5462
11510
4313
3913
4443
5586
8169
9346
1413
4676
4883
7850
7670
3925
10330
4278
7972
10633
9056
2768
8667
4678
8954
4773
4164
2832
10934
9654
8697
10079
6362
10717
4162
11466
804
2657
3343
2037
5688
2172
4725
2101
10782
5306
10757
6142
512
7318
7517
1985
1685
11418
1783
9258
3152
1979
291
4608
7264
9121
5469
10134
10442
10800
9725
7191
8087
7094
5262
2337
271
9685
491
8658
10198
4747
7812
1199
5246
6315
4205
7585
1210
1345
134
3229
1049
7038
4603
7367
4109
1990
5506
7481
7638
2260
6421
4889
371
9837
6536
9365
7824
4691
2642
11849
9290
8916
8867
1844
2809
5199
11630
10430
3039
9707
6213
8194
10320
4674
4103
7722
7701
4189
7745
1969
11554
185
5688
2495
8328
4262
7425
885
2921
1646
4777
9047
8361
765
5533
9439
4500
2480
9447
5433
7784
9934
11267
11431
5180
7656
4487
6587
7165
10944
29
439
8315
2979
10110
1829
799
1294
6417
3521
3255
3840
10519
5190
9527
8491
4535
10380
7697
9979
4685
5938
11312
7173
3365
2965
4370
8851
3006
491
8083
6662
8290
3728
9877
2148
2904
9384
10992
834
2539
5317
6581
4007
3510
10322
11500
3008
4556
7963
6394
645
11091
8333
4764
8442
1620
2126
2156
1355
4580
5020
3570
3325
3446
7067
11460
2189
8455
3518
11984
2186
1055
9368
8522
11182
6368
6973
10167
9398
10644
1099
9438
5365
1214
7613
1813
5473
464
9689
7546
6351
10201
2050
5341
4663
2394
2215
8745
10697
6808
3927
9184
5834
354
8628
9105
8861
934
3506
6049
5613
3218
8373
476
11806
6662
4208
8120
10155
807
4553
5005
10189
6242
7352
3112
7304
2719
5690
8831
6799
9573
7287
10577
6922
6228
1545
4152
830
1716
10010
2035
10444
1818
2228
8670
7303
10368
11646
1803
5967
2067
5780
4319
7328
7233
4797
2343
9588
1382
6847
730
2645
9562
11769
7093
11846
6854
10060
9178
1700
7567
2029
4456
3219
4394
9219
1108
9438
452
5355
807
3526
7662
7634
7721
2631
2123
5182
3027
4417
7354
650
1511
7689
760
10065
6537
3496
8364
1482
1070
3578
11257
10854
8792
1006
4387
1794
10939
8419
8103
2187
2231
6486
9029
1859
9700
7965
4136
11179
2463
10835
4114
10180
9019
1314
8274
4949
9868
10082
4989
10380
7347
9571
3764
9639
10598
4245
6187
11198
10963
4448
2090
11212
4311
3908
7108
9209
5835
9459
6221
2427
6135
4922
11984
3930
9788
3793
849
4634
10688
7538
610
1294
10835
10246
4682
4441
8132
11647
11089
5093
8115
11949
1671
5794
2015
2150
3872
1961
11722
2489
9750
3237
11045
2374
5717
8274
10716
10876
8899
1131
2026
3167
4424
9807
8986
7158
11116
7199
4073
11530
9378
2527
10477
4893
10824
11198
8828
5584
5212
6512
11870
2960
11751
1715
8447
10746
5364
5301
9435
11888
11444
5362
3504
3696
8834
3974
156
9685
11516
452
1765
1478
9271
212
10462
3356
4283
11588
6253
2953
6571
264
11158
9133
6091
1626
9858
2782
11786
10994
3286
2758
6687
2426
7566
11380
7805
3639
1679
9757
1299
5661
560
11262
7054
11911
11358
5863
326
8546
7749
8436
8993
3399
8501
2577
10257
8261
4237
4370
2495
2309
2641
4907
6798
10230
431
6867
1684
6935
8323
5423
1998
6313
9680
5131
6068
312
9344
7906
10294
10530
10853
3879
6627
5891
1772
10498
3025
3747
4791
5920
2290
2719
927
2114
4562
2499
8016
1782
5079
2423
8661
2308
1006
9220
9644
11854
5124
375
1909
8142
2155
10075
11495
4210
1115
8234
8833
3182
5609
1789
8594
10957
10196
8893
2659
2554
11765
2913
6908
403
5187
3024
7477
6025
748
2255
11995
11298
7537
8798
6821
10404
9047
9815
1097
723
5794
1167
1214
4578
995
4299
1369
616
5431
10179
11704
10338
4508
9747
5024
1413
6482
5342
5133
246
11739
8632
224
9931
1001
6363
186
11980
4796
2378
6811
8486
3355
1237
8503
4830
10169
2180
4255
2878
8048
5950
8372
93
965
7630
36
10398
2568
420
4154
2555
3999
3028
1467
8401
6785
5486
10480
4648
7710
6852
4395
5737
4863
1356
2676
3354
7222
3644
3386
9233
11773
4214
2509
4359
1594
3231
8642
649
2617
4498
5947
10654
10611
1903
2700
4146
3060
5447
10264
7865
57
2659
1315
9171
4347
489
5368
6333
545
3623
11805
7374
8215
5376
11175
14
1088
10405
4669
5427
7557
4942
6511
10824
1141
5076
3345
8909
1563
6008
9734
8115
8054
8948
10134
6624
1564
6222
6852
876
3013
6124
1482
6751
3280
5385
7854
7751
10305
7032
4263
9572
11911
309
8391
11579
8861
2080
3440
1049
9674
5654
3743
8065
2472
10563
1504
5176
11404
2104
11960
5718
10124
4614
10745
842
6378
11569
8021
9648
6651
2971
2020
122
3385
9940
562
8261
7370
1307
6808
3585
3936
8806
2765
3054
9177
9059
7255
3010
3109
2933
11359
9631
4794
7602
6722
11228
6869
8673
9060
9195
10912
10530
11147
8273
4343
1199
6806
6718
7826
9579
10607
318
4313
718
7674
3158
2162
9951
10350
8915
1201
3520
704
10387
11051
3878
163
5561
1676
7465
7240
4010
8532
8154
7509
11745
3028
4376
8824
3336
3702
10507
2825
3104
10928
9000
8478
1643
2280
10060
11764
6026
9627
9039
7044
21
7775
11075
4221
1113
8725
2609
8813
9946
3694
4292
4527
2159
4313
4052
5618
8623
11920
7629
6162
1684
4827
10693
4521
11581
5765
3678
7072
1324
6547
6153
9906
11108
5704
6009
2045
6212
5175
8869
4525
5652
3265
5538
199
5281
2681
1892
4783
8793
4563
11281
6307
7475
2541
9271
9796
5795
1273
5081
11470
10192
3770
3023
237
11925
26
7511
8965
3943
3977
4459
4592
531
10721
8709
10497
9324
6254
5551
2538
6199
1906
6245
2157
3925
2420
6615
3502
7567
2363
6545
1566
1077
8119
1622
1788
3819
7153
2926
4403
10951
5091
7787
3219
11151
10628
5202
3826
16
2112
6178
10721
1296
8741
5711
11011
711
8061
1609
4782
4895
495
4960
1615
6761
5788
9279
10114
11931
11686
984
9911
4833
7375
9109
4280
9277
10416
1523
10112
6079
7256
9101
9003
6856
11764
1322
3686
10032
9871
885
4444
2810
4762
7714
6757
189
1111
10054
7657
11977
10268
3864
8708
4291
9502
4517
11838
1428
1403
9743
2461
9341
7906
11456
11826
4433
981
940
50
2499
6300
8195
6768
5844
6375
11163
3388
4667
2788
9953
9411
1012
210
2576
739
9403
10838
8367
11241
7352
1820
10353
4981
2916
690
10407
9732
8597
9830
8373
6935
3256
9338
8283
8758
8651
11533
9199
5851
8168
282
9482
10292
2119
7128
8713
10081
8524
8400
2158
6820
8361
7796
3649
9894
5084
8993
11965
6370
8481
2112
472
10572
2508
7788
3503
9710
7859
5389
11117
4603
6808
4864
6984
4034
5540
5814
7866
5490
2745
132
1619
4989
4244
10097
332
3610
7339
2122
1923
464
2987
3554
7143
8368
632
3046
3287
4121
2309
6295
632
6224
9861
1054
6972
2637
1157
5777
10125
2725
249
8272
10120
11585
7571
5666
10983
10358
3088
9184
682
650
9996
3933
10823
11197
1825
1250
9182
5605
6746
8782
3017
447
6635
9297
652
10130
4590
1779
1060
5899
6350
1015
4185
9916
1155
6435
2289
11103
9111
6582
11020
1510
6894
9942
1119
1022
1848
10861
2859
3337
6612
1994
222
666
11367
11745
5089
3965
9470
803
5323
9881
6028
5105
3681
11634
10799
11882
11687
736
11660
8000
7394
3046
2517
6987
11282
10818
6205
8625
10160
4557
6057
9579
7044
7935
92
9746
6793
11914
6021
11427
5546
11861
7781
10139
8212
1485
3533
7795
3560
10213
2738
10596
4550
11842
6518
4651
11918
274
56
9793
9995
2548
7170
302
3760
6098
10238
9377
11957
9505
3485
218
7744
11255
9390
6609
1265
779
4222
85
1032
7171
1728
8144
10241
5188
3102
2394
3277
2044
7155
831
1165
8078
1245
134
11456
8175
9376
6683
404
1221
8019
8897
4376
1826
3119
4139
3381
2138
9411
692
1690
4342
4130
7926
3605
1826
772
8559
1483
1664
10871
3925
862
9856
9155
3772
1219
11757
4331
1198
8781
7656
11490
8387
11900
11449
10833
4866
1066
10963
1656
3341
3696
6205
7421
6563
10847
10963
6677
11387
6610
8232
242
9614
6255
4796
8112
3615
9574
10594
6994
6349
1683
5579
4933
468
3873
4905
7476
7132
10156
9016
10287
3177
4318
3889
5669
2074
6789
11663
5670
4740
3073
6310
11526
984
11297
1064
4244
10187
10826
9086
8244
610
9682
3395
9256
8788
6077
10093
5070
9501
6436
7063
1576
1308
7199
10924
3391
3691
4100
8157
215
3258
453
11043
1824
6953
9209
581
4261
7896
9061
7553
11878
6835
11522
10214
7770
6877
10242
5620
8136
8383
5548
9749
1707
11567
9104
6765
4515
9435
11441
8239
3471
11269
5692
1676
6929
11320
8524
11480
225
1769
10597
6631
7464
5748
1331
4778
449
2358
6737
41
3970
208
269
11656
2552
1364
5285
6570
2222
7567
9874
8396
5682
11489
6773
2771
7006
7385
8704
4023
2368
8695
7836
811
3913
9389
10359
6950
2377
3803
1048
248
4361
11103
3305
1592
11316
1355
5380
6282
4620
2267
9968
8623
1063
10548
720
1456
3773
10002
9068
5887
1703
9059
10173
5928
6920
11761
4545
5048
2961
5427
3796
10564
5682
5456
6049
8652
2978
9424
3002
1032
5520
2487
1507
6436
3503
11813
2032
8143
6014
4941
8364
10316
5397
295
11472
5906
7699
2027
1329
1281
5583
8313
8072
1454
11719
11881
1914
8977
379
11247
3847
2373
6566
8201
8603
1508
10528
8347
1532
3400
7751
9574
9414
4581
5465
6599
5304
1924
7365
2448
3695
4792
10368
886
1734
7068
3816
5242
4696
639
10509
590
8910
7409
6370
5716
0
6339
2683
6221
4492
2874
1804
4520
10163
9676
9637
11968
998
6256
5310
9320
1700
3032
11033
9106
5842
8159
8350
8185
7258
9118
9372
8183
9631
4183
2159
3443
2910
5415
7636
3723
819
11196
3672
9793
1213
5234
11900
10335
10502
5815
9814
8784
5822
1457
4740
11301
2637
10177
11980
11568
5847
6055
4725
1856
7331
9432
9261
11075
3554
9355
2753
7273
8859
7817
4905
7193
6946
4763
2622
10812
11353
4495
7708
5050
9435
8372
11794
7432
5427
7703
4590
2150
5675
2857
3373
4197
7865
4233
10508
2049
6069
1778
6645
6764
5390
11005
7392
8616
6064
9038
241
480
7522
9814
2864
2780
7815
2685
10220
2427
3192
4978
9071
10370
8829
7461
3397
994
8798
5794
1831
8597
5175
214
11295
10210
11113
10705
1966
5208
11482
10977
7467
11241
10599
920
5266
6825
6979
703
3018
5573
2626
10308
7245
663
7446
9806
3893
148
6982
11010
10850
8781
11327
9740
94
10975
5852
2869
4624
3120
7769
7159
3169
4446
258
11751
2783
10717
5053
4883
1710
11744
7021
11749
7233
11287
9343
606
4332
4195
10658
10522
4090
11765
2332
7359
7650
7265
8448
9822
8129
2950
11218
10699
5606
4292
5550
11297
3534
1094
1589
6449
4902
7872
1518
2180
3439
5391
8203
11065
3803
4813
11239
5131
5103
10606
160
4056
5013
787
10345
10784
4636
11427
11476
2298
1926
7355
6635
2084
3063
305
9765
3387
6097
7846
1558
8971
7381
5475
5266
10820
3274
6015
11161
2354
8041
6218
7155
9119
10924
7432
6106
5277
2050
1009
11095
4063
5479
1110
4640
5423
7996
4933
5478
1002
8519
3931
8887
1495
7131
9685
10177
7542
7037
10028
7884
10403
8933
4736
10263
3661
5184
4068
3282
9273
6241
11154
9462
8907
6220
2848
10087
143
7094
6973
9905
10209
5650
7330
6740
11469
444
6548
10743
10417
5992
82
8543
9473
3966
3467
9851
11948
3806
8769
10607
11973
1918
2660
10540
9432
3750
4260
3190
9294
1602
1293
2370
9325
7608
1746
10126
564
11550
3788
8673
445
1760
2370
7103
3754
5937
11659
10643
10394
6176
6803
616
4403
9492
10398
8158
3098
11105
4899
11097
7610
8426
1616
10447
310
10653
5133
4229
1539
3023
279
8697
10987
11944
7269
11228
6993
1579
8309
2665
7065
3046
874
10111
402
1532
403
1461
7226
2810
1439
7336
10838
10352
10322
11299
2379
4054
9151
2137
10882
4293
6679
10137
9007
1130
9246
7653
5703
3309
6814
8079
4737
5491
4543
11758
9427
9559
2773
5576
6514
10877
9324
2330
6996
1212
10885
7444
5948
6214
4233
6229
1089
10268
5658
11862
203
599
2047
2675
6288
8662
2294
2954
4574
6923
5307
1181
3859
6440
8215
2059
11341
9760
7035
4830
2432
701
4490
9043
10076
7555
1650
641
6344
10480
340
7690
7560
3407
2915
1862
8290
4735
7399
5875
4192
11950
11329
8368
3316
8769
8398
1044
1996
8553
3120
5697
9360
11643
108
2145
1177
549
10586
584
1002
9301
7294
9999
11172
169
2433
2051
831
5274
9624
3373
8812
3949
6419
10439
1699
9898
5377
7173
2036
4857
8891
2024
2057
4801
1443
630
4643
516
5160
4961
1122
10075
8542
255
93
6944
4823
10803
11546
4987
4395
11838
8551
10540
5604
8040
5588
9429
5987
1926
2282
3996
7516
2662
8671
9207
6646
11407
4314
378
3172
7247
4689
5865
6243
928
1709
5799
8689
493
2931
6743
8262
9423
4819
6115
6948
10150
2202
5362
10727
11862
9707
2969
10919
7733
156
1312
4896
4245
11816
11483
5609
3568
5236
1868
6753
1619
8508
9482
2682
4930
3311
5529
10901
11500
2148
11103
197
7449
6951
104
1017
9709
2027
5160
6478
6251
3757
9782
8338
1689
5149
5911
8347
8201
11453
8451
2881
7981
4520
3481
6793
952
4045
114
5358
575
9577
10647
1558
10817
8775
5858
2138
9393
9296
6138
3524
11975
10798
9937
11711
3492
9378
9798
9438
10514
11013
10094
582
3444
11982
11490
7857
3141
6638
4528
7925
11752
3251
11415
8360
736
11312
11614
3352
11546
966
2449
1409
3709
10198
11247
8502
2884
3520
1423
1772
9215
391
10828
5024
11856
8944
2250
3504
695
569
6780
8011
1356
7291
8188
1728
3951
7159
1064
11593
2476
7248
8208
3734
548
1942
5765
447
1842
587
1972
852
2150
2664
526
10151
7269
6882
279
7395
2239
9848
10687
5775
1002
8790
7398
6799
4077
2066
6247
11753
1989
5003
2906
9896
3454
3569
2329
4267
6664
8182
7770
5704
1185
1649
517
5503
8654
2775
11856
9711
9619
395
10112
5865
10350
3104
11977
5404
4187
4702
326
10422
9366
6158
5624
4805
8950
5548
2865
1617
11949
9777
7882
11142
8270
4505
7454
4180
6930
10722
3117
9054
3632
6523
3261
9269
5164
6678
8092
893
289
6343
3292
2450
3129
6660
7039
1455
674
10747
6582
7692
10773
5137
2729
456
10949
3725
11568
1938
685
6841
9666
10195
5570
3166
5031
1519
8805
1798
2140
11658
5115
3090
9149
5441
10506
6659
3125
3296
4589
3015
4275
1169
326
11427
3598
8525
4704
9709
3536
491
1866
9477
10275
5687
4570
5682
11185
1117
1578
4901
9507
9968
6819
3058
7433
833
9731
4875
8072
4646
4865
6210
2634
2447
1032
3449
689
2982
4385
4611
2083
5018
4031
695
5517
10166
3139
3653
5048
541
826
5379
11698
2691
9043
4795
6218
5020
11458
10549
1597
9024
1773
8815
11125
5454
11850
8000
5943
2406
3409
2059
1722
2556
3175
10604
6613
8624
11076
10711
6380
11254
9233
8896
7126
8619
11531
10097
3331
7545
10430
7689
11477
7871
1551
5110
8759
4108
5865
3222
876
10453
6762
11923
527
1443
5106
4851
7556
4669
8620
9078
2541
11873
6094
5545
6265
6140
7885
8044
711
11088
8249
11028
10469
11077
3568
5706
1214
826
3959
8782
2261
11932
6123
4349
8049
7172
6334
4829
2278
11699
8355
9420
5119
5279
928
168
5403
1993
7155
5433
11437
9115
8055
859
3514
2598
3468
5807
3478
259
6648
6468
1746
5783
8309
11096
10431
11983
3875
4000
4151
10646
1628
8249
8622
74
2993
11279
1467
1904
9753
1615
8964
7443
10423
3940
6982
10713
5603
4714
6253
2021
7515
772
29
9649
7975
3072
5321
9133
2555
3986
11703
1695
6557
11920
5450
2847
10082
11438
9447
644
7200
1249
11623
3938
229
4556
4301
8058
2750
11295
3420
2655
6007
9442
8153
1798
11502
3989
1043
4642
7477
7010
11969
6346
3362
11827
11646
446
42
9895
9357
2449
11723
7463
6256
10709
3912
5901
3291
1846
2522
1874
8912
10699
10055
9759
1458
6895
914
11294
2971
7141
11149
4575
4883
3198
10829
1496
1385
10937
3712
9606
10162
10040
8045
2113
4300
7614
753
677
11995
5397
9063
8089
5461
9572
8404
11746
6564
6878
6164
8491
871
370
1082
6499
1060
3974
7740
8402
9667
8092
9731
4874
1583
5168
1368
3153
6891
394
6210
2355
8912
5712
1320
3274
7000
8403
8302
10860
9687
7690
964
5697
4152
1068
876
11832
6738
9621
10251
1081
6797
699
191
5138
9459
9307
9443
3924
11346
923
88
2600
11743
9320
723
11297
11283
10315
5489
9019
11408
9470
9346
4297
6088
9877
9638
1063
10353
4986
11194
5109
1067
3741
10881
3379
871
7387
10350
1550
9975
4797
10533
4177
10641
10048
3437
6854
6164
5820
9657
1948
204
2000
4709
397
180
8800
316
5754
9916
885
6129
8242
2895
11213
6110
8796
5053
9561
8023
6088
8383
2577
6148
8269
8454
2592
600
8568
3748
7923
2215
4503
3937
5506
2656
4168
1016
7689
4135
4624
5319
1792
6988
8065
5365
8349
11082
2205
5725
3549
1950
7486
3619
7422
1819
9496
8768
5533
7153
3092
1126
5029
3877
11960
11406
11762
2783
5510
8573
3151
7577
124
1793
6097
11869
4823
11190
1028
11556
7961
6842
7592
6853
5171
10776
6259
5142
9587
6460
7335
2176
3400
10643
9211
6785
10567
2215
6562
5669
767
1716
3441
6062
8297
2297
3288
4068
3330
7603
9741
7285
356
1076
8344
3369
6037
6367
7816
7835
6289
10768
1558
2748
3753
2621
7461
10106
5258
11184
1897
8004
6732
3612
8827
61
6758
469
2987
10329
9476
374
1686
9923
7719
10058
76
11413
7424
2738
7839
6242
5155
5223
819
9800
6731
10103
3350
6288
1323
10225
6209
3732
9324
1286
756
4609
677
9807
11504
4791
11112
3516
6972
10469
875
11111
3415
6314
9900
1861
3167
11047
10805
2918
7247
8421
8338
8390
3332
193
7472
6897
108
11336
505
9083
9335
3364
3117
7288
6354
2047
2941
9762
8452
8364
7538
5646
8909
1391
3029
1790
9827
11255
7190
10407
520
398
835
3181
10151
768
11214
5612
11827
9722
7061
1809
8886
7126
2071
2866
893
2244
2846
37
3683
5886
6837
4385
9548
4360
15
3218
9261
10679
9091
9991
3818
6505
7058
6475
4660
9608
2450
9731
4011
8255
2885
954
4773
3976
11274
6475
10208
10947
9871
9227
8519
8428
5293
6716
7531
9600
10741
10105
5180
10935
9443
10178
41
782
9626
3632
9578
10276
3276
9150
716
2089
11508
8710
4063
9620
1833
10779
4048
8449
3752
3636
4106
5609
11527
9122
1970
3302
838
11340
8545
3404
8477
2285
11372
3041
6940
5159
6814
6761
6215
304
7398
3064
1762
10359
3801
6534
7278
3434
6687
10798
5410
10990
8349
6273
11001
11974
8031
8714
3067
10846
3282
3710
7879
38
5098
11598
2899
4941
3098
9044
1254
132
11563
376
5458
1641
8553
2384
4951
2160
3808
498
1797
6
1127
5602
9613
11626
1243
8039
6478
4816
6025
573
634
2258
7251
1047
1275
9785
1413
9209
1679
4218
5138
11621
5615
5442
9074
8294
2594
10616
4085
3981
10780
8979
1516
8950
3201
4290
1945
7478
1393
9518
692
4353
10599
423
151
982
6521
5763
3549
2784
9047
8070
2781
1503
4338
2610
10010
3682
2915
9076
9441
9117
485
6991
2992
3320
8145
5574
2325
6463
6913
237
278
7151
1408
8854
9413
11742
6653
9282
5995
11216
1664
5769
2145
3871
5969
6702
6738
4489
10296
4277
3762
8307
3037
11903
3456
9561
220
11197
10291
6270
1507
10895
10302
3062
2399
707
3805
10285
4908
8362
126
2745
11162
7968
5742
8338
6932
8388
641
9957
10065
7476
6996
4449
8645
9447
5491
3142
2084
8669
7229
10345
1316
2218
8639
4705
5762
5660
7150
2044
6655
635
9500
1482
3026
11857
10868
5765
10974
2365
5168
1280
8969
4599
7942
4127
6776
4144
11198
7422
8432
7800
8488
6839
7664
11301
7726
8361
3045
4686
8264
3365
737
1339
7201
3824
8292
8135
6065
3044
277
1110
3507
10811
10106
7809
2657
11083
396
2636
7021
7495
1888
753
8089
36
9085
2646
6795
1985
11021
2061
3868
6392
2650
6120
11475
1885
8376
3465
603
4029
11737
4784
7871
9471
3147
7379
11797
2682
7060
1770
3166
2635
4934
3754
4987
7749
5055
8368
4585
6535
6071
4581
6844
5138
3201
5022
8480
7692
8943
5822
1897
8477
7449
11631
7568
273
4105
8514
4506
4780
1999
9335
5823
1459
3037
7168
3928
10190
11518
5175
5158
2744
9583
11401
1101
8239
7253
7764
1081
1562
329
11209
8998
11013
4258
1462
5982
8389
10149
5907
8069
7691
3363
5315
4450
3898
10401
879
1832
1058
6933
735
10071
5591
2107
4992
11435
2758
6182
4422
1235
2667
3945
6203
4855
5407
9517
6937
2098
10492
6070
2279
9055
328
1344
2863
2693
3549
565
6867
4554
10574
2024
11424
2932
2311
11807
2127
2117
6337
5826
10820
1594
4471
8754
6464
2766
6524
11183
11801
236
11959
4400
5613
3510
750
5443
3902
2244
4366
9989
16
10816
1295
4847
2386
7868
7754
2034
84
5538
10393
8622
9091
2938
8367
7854
11541
1952
2041
2149
8218
10917
6874
6583
11068
8067
152
10453
7139
9162
11136
2703
4833
8153
7671
8629
9814
1296
9412
3075
11841
8988
8128
2525
10353
8826
2654
5606
11157
10722
3028
312
4599
2990
8235
9095
409
557
6337
5751
1791
887
8880
11018
7701
2399
10015
11877
8819
2082
2249
11961
2827
9374
6767
5061
4795
1246
8648
6280
3819
3480
2417
5457
11101
5027
4724
2618
10134
5793
10513
1436
9474
3969
7109
4114
4079
7648
679
1236
9414
7951
8511
3743
2795
2548
4605
4746
1409
2792
9323
9239
4064
5322
11844
1303
9505
1250
3230
5573
8153
12
9094
10244
10154
9656
10178
4463
2435
8339
7720
5461
443
5100
10854
5901
2770
10690
286
10584
8775
5468
7190
10350
6261
7408
3574
10830
2422
9209
2152
355
1526
7798
10243
2527
267
189
245
9773
1469
6062
2280
8365
5139
9717
10218
438
6647
9705
5709
8104
312
5088
9892
7825
4833
2871
11271
10415
1692
7757
5281
11927
11351
9187
6474
9741
554
9918
8003
8872
5948
9543
11948
2756
3697
573
564
640
7641
567
109
10067
5538
9606
11618
7214
8430
10910
8774
1011
9290
3007
9527
6526
6222
11721
6121
1215
6873
2051
4693
80
8783
8406
11230
3598
11240
5659
6925
5653
11372
2565
2126
6652
9306
4081
6002
11076
4646
3304
9145
263
3778
10244
10635
6846
7795
6813
8972
497
6495
8224
4027
8915
10290
936
10245
3099
11501
2223
5738
4059
10643
6942
1862
7484
1060
9585
1199
9915
571
7585
5957
8122
3973
2971
7451
6871
6680
6338
1252
390
10104
10301
922
11574
2300
688
5240
9255
1433
3339
2385
3517
6128
9165
9514
93
1488
3455
2906
6495
1882
10977
9202
5637
11802
1703
875
6462
5972
10843
7707
3206
5955
1692
10719
8122
1445
1084
8024
8669
7305
3762
174
2109
10529
8642
2120
3736
8347
11828
6620
10372
7067
2168
10265
11963
11904
10587
2678
8666
10635
797
680
7252
4576
6910
8748
9918
2810
6392
4285
6485
5581
2884
3004
6920
9704
5888
8766
5059
4408
8470
5849
10737
4424
3745
6925
179
7841
9057
160
10425
9703
9825
1828
10521
7754
2516
2855
5206
11017
7992
9184
9653
5202
5585
1952
6324
11725
2434
11301
6074
5279
1420
1088
5597
2543
8100
1201
9682
3508
11568
6920
2589
6697
11323
6236
7212
11572
5256
2040
2730
1545
10071
3124
1180
50
3466
472
4338
677
1014
3294
11849
2756
10625
7096
5036
6386
4930
9913
6562
2110
5179
10171
10633
10371
4233
340
5690
5746
11465
1569
1970
427
10498
2906
7376
3035
10219
7990
5849
10865
2131
6379
5576
4523
3984
5875
8214
3558
11055
9271
558
6798
10268
10520
9838
7329
6099
6974
9626
5605
10479
3275
10347
1713
7120
4604
7833
1211
1137
10703
6022
4097
8677
6243
999
7491
10265
6668
3867
2770
6867
187
8116
9935
751
9117
6839
5093
9494
11033
8566
9768
11680
9270
11045
1187
1601
3925
9709
10854
656
4650
478
9980
9984
4838
11632
10323
2665
10716
2431
11183
5696
6199
4487
8728
1085
7498
6226
9038
11624
2610
11466
352
1541
9898
10991
9739
11730
5484
9210
9101
9786
5291
1055
5757
7814
10587
4152
10416
6541
10313
9779
1134
869
3632
53
1724
11700
8453
5142
5539
4484
302
9173
7241
3949
8633
4852
11457
5034
2966
7956
2260
6049
3583
1045
563
4843
4331
7892
4764
8832
10521
5040
3509
5437
2511
11818
6026
3225
7699
2126
3931
8532
2077
6694
279
5591
8749
6483
11496
6060
6792
8327
3148
5672
2333
3190
7470
6130
5641
11557
1416
1310
3999
7586
605
2784
3236
9457
5951
10214
702
5715
5625
4096
8092
11242
9303
5090
227
9814
426
703
9493
8620
3927
1329
460
2100
10993
8504
10392
7568
1621
6938
2373
4796
10586
6135
11522
1492
5018
10580
1477
7870
10855
6537
10604
11705
11389
1315
7257
4472
2013
84
4945
3306
4079
11560
9534
9668
1693
11402
4692
110
7399
3568
9425
737
1072
7774
8176
733
1594
10429
5943
5881
4104
5968
2882
5669
9935
4510
8916
4143
2878
1025
1083
7815
708
5728
6224
8068
594
11390
10330
9034
7564
3701
2117
470
3513
1854
3257
2766
11403
721
3969
3206
5417
5548
8158
11515
7320
4940
918
9668
9362
5821
8106
2287
9989
6316
4551
11412
10216
1197
443
6402
5404
526
270
7264
10791
4225
2713
6078
11585
7798
6569
10079
5788
7632
8279
10870
8446
11657
8895
1107
10275
3552
11705
95
8569
4634
7583
6279
10479
8898
11183
5600
5061
2256
7121
3421
11381
439
8573
11344
7841
4435
1068
9648
7958
3905
5349
8859
451
4302
4142
10666
3302
9289
5068
8517
15
6569
575
8670
2660
2544
7828
2627
4253
6156
6768
1914
5810
2298
5039
6577
4078
4417
7542
7174
10604
11488
3536
11297
7780
5163
1034
7878
7084
1299
1682
2631
6866
3283
7798
2653
10665
5788
8314
10639
7827
7212
11101
453
129
6460
4248
6275
11137
9176
3934
992
505
5734
10927
11674
6236
2843
4668
4708
7048
5099
7375
2442
3471
2070
2326
380
6119
1291
2862
11630
10248
7917
6897
4933
8517
8655
2403
10073
10957
10871
6802
8304
11645
2769
7433
966
9112
1122
1803
1855
7634
11965
2088
3683
2460
6860
938
7090
3263
5591
4659
9829
7373
11870
1116
4750
4656
3957
6864
9739
6419
2135
3792
1430
9452
3418
1921
5598
8768
621
10998
4623
1328
9703
3735
9740
2926
297
7743
11472
5
5890
4637
9999
9644
5777
3772
1953
11421
8071
11729
10981
6863
8378
5043
8312
10695
6404
10215
691
10514
2586
254
5636
3848
2485
9066
6191
2590
2535
2433
10912
546
6877
4380
9224
8328
99
9461
7090
4510
6092
2023
9002
4680
5346
8438
4181
2398
1533
3024
1821
5243
9016
111
9591
503
4570
4618
8937
5811
8760
6690
7036
1336
175
3231
9582
7408
7283
4726
8423
7340
2044
1678
5687
11122
10994
1189
647
6752
4621
9819
6660
4019
7486
3064
3686
8101
1911
11393
6952
11563
11920
7446
7194
9900
8542
11294
10440
7820
8739
5827
5947
7639
7192
2576
2432
8363
11802
3043
76
10706
5329
6259
45
9995
2440
4073
11020
8512
2023
6191
3324
9263
10063
3472
8231
5821
2559
2521
4692
10747
3412
4461
1851
10246
8409
10801
9182
7356
7635
6050
1269
4842
3346
5579
254
9227
4364
5995
10608
8365
3018
215
331
3982
2164
1303
3862
10825
2910
9462
11077
6443
6286
5313
3
1260
4512
5726
4403
71
11041
1834
5959
3405
1953
11180
7040
5420
3992
218
9550
8516
775
1385
9399
9263
3161
11654
4684
4315
3626
9158
7390
5402
2111
6134
11298
2511
6412
3597
1634
7640
5576
8498
1786
9137
11572
10810
10638
7904
10298
4696
7931
1533
2822
1913
5086
2973
6529
10702
9782
245
424
7152
6369
1406
7188
8949
11549
7731
10637
11367
599
5229
5377
9248
4677
7274
7167
667
7018
1433
9279
5876
7165
11666
1287
1370
10545
3240
2778
11285
7214
6858
8745
5140
5638
3757
3086
9088
9025
575
208
6663
6793
7067
3183
3600
1473
8116
809
8741
9155
6872
634
10987
9196
7516
11853
11240
10542
9293
4072
7896
9385
4459
10396
5781
11147
8434
6649
6166
7341
1178
4299
4254
6212
4902
11839
9849
1367
5806
6691
9714
309
154
1836
7735
4780
4043
11780
10964
5120
8746
7596
1243
1535
9358
7783
7030
10923
1725
9111
4181
5989
3252
5238
3938
11385
3075
4823
5740
3826
2628
1993
11339
5450
3322
7967
5427
4162
4791
11006
11830
951
1552
1748
8844
9115
5492
7459
1165
11716
7271
679
8858
4
1137
3133
7988
1839
3744
8868
3249
8975
347
9624
6271
7269
7716
10014
4678
3183
7079
11001
5287
8494
7816
733
11882
9800
8803
3244
1458
6891
9567
11049
9870
11613
11866
6186
1902
4339
6833
8060
6503
9402
1290
5280
9949
1517
58
7753
539
6602
9089
8471
11350
141
3325
9743
2461
2520
704
7268
5765
4405
11238
4557
6903
309
10002
2852
9653
1913
9537
8499
4969
11012
4005
10614
2046
2822
11301
3446
10922
972
7899
8236
10003
3362
2706
1586
8067
8656
2070
9986
7526
5791
7711
10104
9297
11038
11379
6535
3534
1712
2215
5510
10746
7780
2307
10723
3405
7695
1511
705
7145
10850
5772
9649
8706
10105
8902
6044
1114
3646
2202
10712
2989
4984
1781
1935
1172
7388
429
11526
10625
2245
6893
3408
8291
5310
5022
4095
8521
2615
2602
7475
7433
9260
11625
3611
5607
2851
6493
5246
8772
2432
3604
6060
11953
8048
9692
6020
4380
7837
5005
8061
7502
6502
9078
7692
4719
3234
3349
417
11152
1309
8865
8176
11820
6076
3456
303
4841
6588
11931
3894
4817
10360
10678
4433
144
2850
8276
11650
10933
6541
9853
3225
11563
2928
11973
2739
10892
1719
11861
1174
10446
11331
1800
11264
9655
11850
6668
9628
9438
4007
3154
99
10235
2264
9990
5488
2180
4003
9858
4152
9725
214
4865
9911
3658
9223
3754
9931
9429
10572
1364
10713
6405
10786
5835
10187
4287
3070
5570
1541
9122
11449
8461
8947
2665
1385
3880
3518
9216
7508
8335
8243
4852
49
5408
11255
5691
11998
7015
4918
1754
8335
3515
3273
4107
11063
10786
689
9401
4291
3964
2639
4322
9600
10531
2196
9897
5742
337
990
4236
899
7833
6843
3999
5008
7652
3272
8581
1715
3860
2856
5346
1393
7050
8709
10098
10409
7098
1174
1822
863
2205
5322
365
6713
8997
10840
10090
11521
6101
2951
9105
1694
7255
7480
8289
1094
2099
8017
10020
212
5991
6302
7913
5545
9543
5953
3643
4578
11372
8697
10458
2411
6156
4746
6110
6683
2638
2610
6864
3921
2149
6756
4654
2386
7401
6735
10326
2474
11765
8223
10594
7017
4680
10961
4476
6872
8313
812
4636
1963
1353
2489
6405
457
11920
3664
6293
1644
8718
2820
2178
5489
5003
9369
11472
216
7159
6281
10646
7745
2901
3544
9573
9547
2902
1169
1961
1787
2140
446
11889
6869
3575
5948
1894
8309
5528
8798
6794
3562
11102
11333
9252
5086
5237
6464
11983
11148
1795
11670
711
885
1088
3100
8490
1759
3609
6739
6477
3665
8380
8419
11956
11495
2225
4845
2649
10622
6877
45
3494
9265
8357
7556
4220
1510
8748
4158
7797
3427
7729
8590
10193
6409
9276
4077
3080
1730
3904
604
4909
6541
8991
423
936
2648
5600
7301
6719
8648
2957
11935
5689
8008
1227
3580
11002
4707
1820
5593
5182
6649
8933
8000
7145
5664
11189
529
4902
4276
6783
421
1203
5749
10088
3881
9045
10360
7210
7286
729
9035
8647
10727
6406
5776
10188
1813
2789
7626
11181
9448
984
8412
10292
5190
6479
5465
3275
4350
6141
2388
5601
7434
6746
7378
8524
4338
1921
8141
2814
3751
8253
305
9025
4474
10790
11639
3443
4981
1692
3906
1737
253
3251
349
11882
3494
10147
9511
7557
2559
6556
7238
5868
7414
8471
6445
10583
7951
4942
8343
5164
10819
11364
11255
3825
3084
9285
3441
5366
2628
5589
8675
11189
4971
9960
10118
552
5574
9505
8013
11355
7232
11861
10643
9176
3692
11072
10360
7821
2082
2636
8454
1741
5730
10432
10898
11786
272
10299
7304
5250
9291
11481
7293
7960
208
4793
10274
796
5823
8567
9888
8635
10685
6700
11046
9752
732
7537
4970
7843
3513
6026
1179
550
4788
857
9631
6296
10942
709
9645
2039
2216
6532
1097
5775
7112
9853
10772
8089
9639
9904
2088
2824
2247
7074
8070
6799
3559
2599
6858
5285
7574
1674
4901
11858
9288
10412
6188
827
1969
456
11940
10309
3936
4791
7206
7447
7241
9294
5753
1982
7224
3083
917
1821
401
8296
9765
8981
7265
1930
3863
6320
5146
7949
1901
8564
9565
2678
269
5673
7608
9673
1308
11634
10026
9938
7791
6236
7304
6132
187
3325
3909
7524
8594
9781
10984
5334
3486
9521
8713
2718
1604
11018
7163
277
733
1818
9388
3465
5561
10215
6993
4723
8073
2746
11612
7490
2359
10544
11696
4337
7290
10061
4994
11290
2509
5438
48
9632
5112
5682
1270
8576
11188
1932
11328
7165
11304
4915
5401
8612
10538
4512
9559
4673
8542
10250
4943
908
8791
7589
3425
8318
125
1141
2765
10901
2685
6154
2437
2782
5548
8627
910
2066
2439
11960
343
10951
96
7258
8091
10995
3192
9485
11274
1716
2317
6592
1822
10816
6443
4071
6495
8410
4830
5383
2034
10607
1788
9797
68
332
5441
3772
11578
2976
3021
7119
3055
8042
4467
7425
7223
10813
7082
5927
2065
10038
1167
6482
7343
10818
10840
4397
666
11991
5419
9021
11137
552
4414
9630
4413
10784
4361
4585
3574
4441
3549
10970
10636
10836
6125
10423
4909
369
8345
5539
1489
6160
6767
9502
9071
7137
8539
250
11566
587
8569
5145
6519
1719
10106
4219
4675
8029
9024
3933
2732
2574
122
5829
2987
9332
7463
11334
10086
1311
2044
3146
875
5373
11553
11639
6240
6863
10888
10666
3754
7451
8929
11724
4666
4328
3288
3404
169
10740
10789
5463
4143
7017
8035
7149
8760
802
9662
10212
8869
2941
6424
5989
5012
4
10315
5598
6631
10003
2536
3563
3501
1811
5695
9855
2440
2671
1992
9523
10640
10727
10450
4765
10080
3107
1833
10700
301
10922
8695
1371
11373
11592
1667
11963
5015
6944
5258
5561
6277
9444
6721
2613
7580
7964
1607
1666
9936
1057
11145
10230
7705
484
5232
1869
1889
5791
204
1386
2225
5760
7466
2395
2399
6705
8799
2812
1326
11603
8392
11320
1093
4840
138
3555
9521
688
7311
6094
10334
415
6411
919
5669
5707
4026
6581
2907
10798
6629
7101
11607
10545
5605
6007
7425
5161
3446
1344
10829
650
6328
9553
1109
8882
8817
7384
2484
891
5568
11244
5219
3310
486
2514
42
10869
6946
10202
4742
5091
3795
7386
11099
11278
5409
1303
10217
544
2215
5229
7628
8366
763
9080
3901
11007
9106
6282
11358
9715
10472
9341
3828
8083
1589
2969
1190
10486
2532
5860
11416
5882
3551
9252
6852
300
9548
1161
2687
2184
4391
11648
11013
471
5008
5249
10870
4800
496
2414
9000
10164
7450
11561
10945
2344
5696
2139
6754
3563
11169
6996
4046
7847
6615
11689
10412
3779
2444
2750
7798
11254
9557
11708
10361
1701
6092
5118
11895
3190
9200
9119
7816
7661
4517
8496
10251
3480
6622
5779
4255
5006
5670
8569
2211
8328
5819
6036
3770
3241
6019
1521
5275
6996
9818
10762
9712
7203
9267
139
9313
8614
2375
964
2317
11064
2423
4398
11269
390
9495
10673
9
10112
6551
4998
5617
9211
7825
9755
4398
2102
1920
11720
1917
6249
5018
9317
8102
22
11377
6689
9555
9816
4895
5731
1597
3909
7585
1289
7056
7178
6309
2422
1976
10601
7176
10847
2098
3603
6606
4055
6847
1069
10714
11897
3298
1086
4552
2082
11324
4432
863
1148
3987
4199
3924
1251
8791
7175
6968
8835
2539
3248
2161
5775
7750
6093
176
6221
6270
8366
1518
928
3143
640
10023
4236
7941
3647
11932
1846
633
7451
3106
6850
9192
215
2388
7121
795
6614
585
9046
11496
3009
48
6434
7195
5004
8807
4921
753
1684
10190
9800
6823
2136
3986
7357
3130
3671
1605
1013
7708
919
9111
7796
3970
4382
5681
333
399
4095
11468
2501
6283
4219
5278
238
91
1816
7104
1423
1225
6730
10245
10756
1169
1246
10731
11166
2245
5689
4172
1039
5361
8235
8818
10010
11194
6675
11836
4599
5375
4089
9952
11507
10574
982
11736
10525
5855
256
3796
2495
1454
7650
5726
344
1195
3381
11969
9886
444
2917
9498
9876
3345
7873
10822
1662
1563
9143
11172
1475
9263
11924
5337
8789
9311
3169
4244
4153
1431
133
5855
8232
7576
6706
11761
6533
3142
4029
10500
11966
3631
3283
1513
4953
4378
4634
7892
5771
1505
663
9888
7415
7604
3201
8085
4293
4481
3305
2066
3718
1616
11724
8843
7841
7404
9042
2983
1173
8889
7145
3968
6748
1184
3450
9989
5356
8548
1207
2308
11909
1799
1746
10882
3685
7623
9441
10447
1756
5299
2115
7674
1010
504
2776
1728
11676
11345
3887
8202
11044
1403
4312
5098
6138
4209
7904
10917
11423
3592
2393
293
6128
7523
11003
7934
8911
7123
9708
7046
3967
8200
11186
11493
9486
11584
7873
2037
6950
811
5397
10005
11342
4996
10994
62
678
5660
8755
11168
9766
9908
821
5561
2731
1663
4008
6296
10841
7185
9065
716
2864
1599
6989
9907
571
3552
5940
2400
1246
6126
8039
8954
7868
2025
7078
7698
11095
3171
7071
2941
11600
4849
8040
10189
7658
8401
3266
872
4738
6079
8412
7352
2792
9874
2499
3708
874
6087
3885
8853
5923
860
9380
9192
5418
6397
10769
611
2718
6578
6923
10714
10373
572
8504
10724
4185
10774
11367
5519
10287
6513
1624
5067
1059
3286
6636
11227
7561
5431
4146
10299
6381
7553
7428
9113
9586
1286
11575
7600
8317
7910
3665
4452
1652
7532
8354
11035
2959
6826
11721
7464
11597
3378
4552
6609
9434
10184
7415
6836
8883
9241
490
4426
2824
6443
3956
4498
4414
6839
4882
318
8635
10193
3521
2041
2778
1866
10618
5209
11988
4138
2614
6016
3487
371
3311
6197
450
11149
8111
11084
5002
5018
297
11264
4694
9001
4267
5186
4391
2903
1403
8556
8629
8845
700
4790
1359
2917
10378
5085
3193
8146
2131
10990
3220
1462
1496
8668
7610
3657
6651
2440
8297
964
2403
7658
1717
6476
1759
2097
8193
6449
3368
2813
6940
7166
2045
9920
5187
7802
4602
10412
5046
3890
2389
8945
8276
883
2219
6470
9919
11033
11084
3251
11505
673
6365
3976
3692
644
5522
9904
6287
1913
2190
9025
9305
4195
5694
2246
4050
10011
59
3888
5405
10619
4764
10552
4996
10795
7892
8602
7023
3569
3215
11309
10175
10824
6220
10676
1114
9815
5447
4288
2520
2222
2877
6111
134
8892
3965
11555
9673
6349
594
7412
7972
8399
10786
10718
7975
9814
9180
7517
9270
11002
434
8928
9185
4588
9322
10155
5840
2448
6473
9680
2755
5090
11317
10492
1809
567
9445
4464
8255
373
6612
145
10478
6773
4369
9367
2774
11819
3709
4334
246
4552
5017
1871
5217
4175
9316
585
6240
1564
4591
3924
1237
5884
3143
11202
1071
4588
4352
9268
5263
6885
10870
5802
8720
11535
6900
742
11172
6199
11709
9419
1312
9861
5011
9429
2715
4719
6071
9038
265
4522
6573
11548
373
3174
6532
5141
1960
9846
6282
3272
3995
7724
8577
93
2096
10718
118
7131
2546
4263
3516
326
4128
5728
5196
3868
845
365
6575
8575
11482
176
9096
5493
4955
854
8454
3631
8677
7863
9930
11934
2977
3230
5233
4338
8049
7659
4448
9814
2612
2274
9671
11834
7301
4322
3043
5049
1957
2070
3612
7935
8652
10353
7487
4500
6717
113
8746
7819
7914
4957
7786
848
3381
10761
2764
2064
4592
11150
420
11260
8781
5456
2401
10380
2908
5437
6030
2999
11506
9339
10226
9901
10890
2816
8322
2257
7585
5636
9875
11143
11726
7097
1874
9889
11265
2158
5986
6469
11631
8426
602
11497
4029
3226
6284
10009
4314
10813
5259
3874
888
8986
8437
10240
4590
9264
2479
6074
86
1883
8402
10884
5259
10994
6213
5373
6075
765
7374
9462
1545
8895
1323
4185
3990
5394
5009
1672
3393
4253
3137
4832
9277
2659
3155
10759
10630
4690
6977
1918
4090
9957
2603
904
5854
7419
1510
6140
9857
7257
7672
8867
7153
11411
8668
4754
9149
6998
6721
492
4341
10174
10061
525
9295
11965
1641
7271
7120
3071
8686
8509
3533
5841
10976
3110
10065
4160
7629
10258
593
5962
7061
6847
1046
10511
6391
5775
10005
699
1469
5921
1011
11357
9042
5333
647
5772
4280
9331
1013
4777
7884
581
5836
10981
2430
8804
6866
6152
10176
2918
2507
1899
4631
8139
6200
5270
213
1097
11000
396
10178
795
484
3709
1583
2732
1698
7711
1379
997
1848
9951
1090
5926
590
1195
4650
4655
3033
11716
8389
2853
4950
639
3701
9270
5477
528
1925
2163
5065
9344
311
237
9224
10492
2430
3593
66
2316
8800
9598
1059
1496
9401
10186
2821
9801
10506
3143
6687
11849
1147
6412
9551
4057
743
5237
3351
2255
3746
2385
9271
5134
8825
6039
1929
11173
1926
4083
4463
5128
206
10347
10836
5324
3032
8603
6821
10951
4040
7966
8903
9864
6747
4033
9013
7513
626
4115
5822
11646
4731
8519
11574
6836
5453
8762
6870
2698
9244
10841
11074
10501
8034
3908
11123
209
3372
8818
4079
1420
1919
10754
11726
5964
2450
5916
2403
1620
2753
5464
11357
657
10496
7392
1258
166
11996
6152
966
108
8159
1064
4130
8075
3890
10280
11250
3734
5713
11206
5667
4494
4810
11685
2715
3573
863
3843
1386
851
5752
8558
11104
8380
9453
10933
123
4120
9939
9281
9585
8615
2881
11981
195
8246
9800
3384
9098
3598
8189
971
9436
6184
5872
5756
11893
367
9372
9974
8006
6148
7068
4178
7884
9208
9197
1250
881
8329
2427
4281
9026
9846
6782
3578
9466
6419
6521
7635
6311
7139
1170
7427
5533
11184
5169
2848
5808
6004
763
21
6708
718
1337
2582
3517
9141
2805
2721
898
6005
9278
6278
7612
3563
2583
1080
9730
4263
3540
5319
9282
453
2151
8447
1567
108
6378
24
4488
9257
2677
5405
618
2665
6845
6913
3513
9176
3058
2606
5271
3494
7397
3279
2167
4953
11325
3624
2509
11385
4255
8789
3592
1728
10145
6563
2098
11407
6716
11623
1612
11383
4115
7420
5590
10332
5346
10081
6334
5537
8687
2194
9468
3998
11072
1432
3687
1387
5750
3264
9877
7312
819
11222
347
1583
9826
7430
4227
5967
8676
5710
983
8892
7603
3690
10147
1645
10208
6265
5079
2408
8193
478
2136
8148
4487
3297
1229
994
923
8059
5201
6009
5372
5496
5140
6804
5284
1917
11760
2521
999
6321
7288
9367
7126
873
500
2662
11213
7531
4802
7856
11695
1071
1828
9208
9171
4193
5568
4001
1977
11728
1285
929
804
9393
1026
5667
11762
5163
1941
9852
4512
2532
4678
10105
3008
9523
2991
11044
1799
245
8485
11901
9519
4585
9419
5140
5076
3445
5678
3049
6974
9039
8902
2024
8376
6439
6598
8425
67
6085
9587
6036
6011
3551
3998
4868
1851
6854
11594
1438
7904
3316
10167
7780
8235
8727
5736
8119
2127
3347
7791
2997
3136
810
2363
10455
8522
1794
550
11508
2260
9844
7069
9553
9966
7241
889
3567
3307
11783
11204
8864
10765
4106
8277
3129
8254
4441
9595
8080
9870
4680
7046
5464
4775
3011
6791
11144
1098
828
8153
8636
8369
11241
9708
4017
5796
5942
5364
1001
2970
10699
2469
8804
5453
10293
7749
5166
3108
249
10215
6432
11467
4056
9257
8608
9057
3122
2527
5397
9875
391
4810
5421
9557
3884
8083
9828
9203
10909
9082
7234
8216
11031
3097
7316
7716
1991
7760
10626
763
8038
11568
6619
8034
4054
11372
11195
11119
10228
4908
11228
577
8660
8360
8174
1022
2184
4324
7329
9188
1814
2917
3025
7335
2024
9061
1969
8782
2642
6492
9937
6616
7630
11120
9905
9439
6837
2410
4364
1961
6502
9162
2112
5073
4964
8209
10550
9945
7341
10156
11131
6773
9217
1409
1375
7384
6600
2165
3144
2005
11349
684
1075
4517
583
1554
6136
3674
74
8517
2974
11578
9368
9029
1220
11567
197
2036
6638
7625
7337
7033
2983
2478
10562
8084
233
9096
192
4340
3103
4063
6668
806
10620
10314
8880
7124
8539
10347
9659
5999
2533
5674
5384
6866
1824
5883
500
4166
4713
9023
2111
4976
9471
660
6450
5313
9556
2497
3264
1815
5429
7521
2460
5716
4471
9056
7542
395
7262
4024
713
7671
8182
11161
6118
10643
7200
6763
5168
5495
9545
4273
7669
6319
10729
7797
9259
10694
9775
6896
3371
2849
7871
7012
824
7769
7657
11305
4744
7513
5071
3589
1396
5891
11136
10531
4687
11124
8229
7297
5955
8155
4669
1341
10546
5331
4559
3159
7318
3362
839
5205
1506
1341
8156
6896
624
2594
5100
4420
8547
5615
7090
9569
3711
4193
3305
8539
3448
5948
2843
11325
6486
8906
5563
901
10633
6402
3229
134
3098
8612
8785
6649
3761
10466
2733
10774
5459
4606
8412
5283
9828
3112
10098
170
11572
197
1490
8231
1661
3900
5409
11255
12000
7146
3377
3296
3051
9629
718
3699
2945
4437
7119
5924
8075
7838
9190
5891
1804
11422
4584
3766
4319
10256
4462
1179
4234
3471
10928
460
8417
1949
11833
6505
6031
3299
7096
1369
7451
3672
3944
2075
2476
1901
11733
5788
9017
7169
3249
691
7193
2954
2243
4119
2596
1966
11630
8446
6042
11028
9001
1103
8
4604
6847
11365
6832
4878
256
4664
5295
3658
4089
9835
11048
5333
8739
8120
8245
8285
5787
5021
5272
5887
1447
11443
11412
6008
2248
3293
10827
2235
5246
2223
3507
5447
4665
11701
10493
2454
3865
9972
9986
6710
5544
11058
4130
917
7137
5574
5586
6568
1850
10545
10894
7172
1043
4555
2975
6968
6567
6867
6979
9255
7171
10484
2667
9572
512
748
7459
8363
9392
8900
4745
6638
10486
9009
4393
8654
6996
1706
728
9233
11806
6992
910
5611
10041
11363
5239
4508
11565
107
6120
9236
10123
3728
3203
4788
711
5381
795
10962
8088
10242
9793
1080
3903
571
8108
4588
9159
639
7305
1614
4374
2845
2533
8474
1248
1904
116
8131
5899
2669
6553
42
5921
5161
5822
9025
10234
7940
4682
801
2615
561
5996
3452
4364
3548
7093
1000
5413
4024
3470
9944
8389
2093
97
307
7287
3205
7648
11170
4289
8289
9731
3622
4952
4419
11558
11441
11972
4663
5116
9759
2762
10629
1226
1467
5111
955
11260
11691
1716
10003
9219
11774
11370
8724
11394
1485
4265
10628
4229
6452
5831
5677
9623
6548
9254
4695
507
9498
11488
6961
3911
1851
4180
7839
2602
931
4205
3836
5065
5101
705
10300
2789
3601
4594
9166
2172
7193
4194
8083
653
3079
5871
7635
4739
5383
7538
1464
5705
451
5713
9889
5844
9249
11905
11657
843
6230
11815
6356
9027
8658
10908
7667
5457
7912
9102
11404
1979
1318
11302
4978
10702
4416
4627
3340
9182
11097
5208
5389
2265
10914
11479
2281
6505
2784
9495
6803
6635
8439
1840
3657
325
8235
7472
1099
466
11521
3955
5578
11566
6086
9898
2738
10123
9062
7259
731
9403
5839
5015
6694
3202
4606
9523
1969
242
9783
1894
1131
278
3307
2342
7874
4822
7323
7130
4111
7650
2179
11208
1023
6465
4000
8853
10520
2168
9041
10092
5482
6107
11941
11414
5612
6515
11714
9749
11955
5047
1690
8852
2641
5349
11216
10302
9729
7219
5539
2217
433
7716
2115
5465
9494
2496
7053
7518
1802
5753
2508
10766
1841
6108
6677
5321
4066
10597
5127
5127
3780
5877
7128
767
9185
6468
7006
2117
6059
7227
6967
11730
9710
2454
775
2054
1059
6369
11673
11180
9823
515
8612
9471
5577
5430
11381
11756
8357
5854
5350
6615
4690
8810
1810
10278
2021
8728
8493
1384
6807
465
11372
10511
8030
7210
5222
2958
1728
688
3508
10325
3638
1340
7922
5175
2332
2849
7969
10115
5792
3586
10654
1318
9388
11518
11889
9093
3595
10406
3553
6651
9818
7251
7707
4418
102
6316
8774
1342
2085
6766
3963
10851
10342
5767
788
11876
8197
5376
874
6505
2445
5783
8355
10717
6173
4093
8981
7856
9273
861
2015
438
9455
6343
6266
2664
11915
8813
10254
10453
10484
6779
9150
5483
9423
11579
3977
7725
9332
5593
10854
8008
11563
7948
1232
4370
6272
6211
8039
11619
5186
10784
2356
11667
1968
11889
11717
5570
6326
8527
7948
4279
3368
9374
3064
8870
9053
1856
2163
6534
6171
11641
9509
7230
3558
3541
5
1219
1191
7564
6315
3513
1218
1261
8385
1692
1383
3788
6535
2412
5035
11964
8874
6117
2504
9207
2242
7739
8164
9392
7122
2856
9382
10230
5910
10673
1493
1693
4832
253
1610
3239
9399
10622
442
10627
3080
11276
9086
4786
8742
2345
1474
4458
6415
4889
4870
3820
8752
11455
681
1042
8952
5569
627
5602
5466
11745
6142
7706
10047
7006
1482
10008
8473
7462
4883
4584
10531
2697
3805
10988
2394
6239
9489
351
10672
1726
9809
3976
10903
3519
4611
1671
9584
1497
3922
10576
187
4765
5123
11175
4271
6583
10968
8845
3698
9667
786
5287
9149
5152
3180
7682
3078
10872
361
8855
7645
3605
487
5325
1699
1223
1282
4860
4087
11075
1086
8361
2728
3606
3621
1146
10000
7121
6807
5316
5636
5987
2801
6300
9226
3295
310
4485
3215
2058
7382
1350
3611
6758
6376
5777
7615
7090
10271
375
1908
11221
2245
3394
5938
3215
8589
6535
3498
8599
7291
10538
10814
4251
8495
9786
819
3415
4363
5427
10731
4830
3707
6835
11748
6924
6403
6081
9440
8441
11645
10769
2260
2484
9861
9075
11604
10012
11244
11100
9708
1841
3968
11535
4014
5296
10369
2771
8088
3707
4158
4004
8473
1838
2113
6934
3937
775
10525
8107
8287
68
4606
1202
11558
9762
7913
8747
7291
11627
2096
8752
6873
9344
10186
